25883568 26222477
28408445 28589314
26577700 26764746
27417909 27609219
33310776 33489431
32551976 32730408
25554516 25733847
47407442 47596625
41057235 41162099
30584954 30732406
23730212 23911066
26279415 26451290
54684888 54874252
49453170 49565523
33328409 33484516
28210973 28388393
26732591 26916935
26448639 26617262
25561557 25708683
19991189 20119661
27465563 27650045
28336156 28542741
27513387 27684177
56083234 56189829
68943946 69111835
32828183 32981391
28748710 28933359
26012018 26154487
28304389 28479577
44174915 44356608
46361885 46485201
29232929 29421034
26122132 26311222
30297069 30460522
37413382 37545043
37899017 38019775
20340749 20501080
25257051 25424578
26056005 26191251
32603235 32768908
50668533 50784301
56708576 56884310
20453996 20641981
31914853 32061861
21766986 21890492
26797663 26915107
33075672 33217827
25520684 25678513
34026663 34160840
35416018 35555947
50930128 51096776
71216014 71381495
33327986 33470022
24632667 24817083
21964581 22121314
59396485 59527795
55907548 56046706
91456779 91617273
49713821 49848368
31266496 31397792
36394442 36592853
79051229 79208169
68530707 68636858
58447476 58591756
79525990 79673469
19529087 19726536
65197662 65389738
44779904 44908032
36420536 36553420
34095424 34216472
38901659 39086199
27733223 27902949
58102957 58201709
70437868 70601016
35523065 35678926
32405267 32616316
53727066 53840679
72296703 72462978
69264854 69429260
55565291 55693873
26466006 26613206
32969365 33144633
35276682 35429554
81880743 82010252
112373824 112467812
117747154 117868757
49586376 49737051
40293086 40433891
67976631 68100031
75083097 75238774
65771309 65914697
31145063 31290873
32600418 32829037
101631099 101764696
108834266 108938756
137259543 137436462
110061036 110245527
79968727 80095346
122167488 122295213
149775189 149958060
130477117 130578221
104110352 104214014
133581718 133699976
27703797 27896797
92867254 93013424
104821285 104999003
76944589 77044880
96807845 96924816
42198503 42363052
23982833 24161281
31225234 31404897
31462163 31655353
37570700 37714711
57701295 57804811
74977697 75140406
35090210 35228434
44622713 44848923
32045698 32228806
88112320 88233537
89537644 89696141
101677046 101779376
26688894 26857296
22441060 22628081
26743197 26934878
46725369 46868016
45968801 46070438
25450152 25656575
20206808 20369185
33349663 33548266
25449928 25572251
32306075 32477543
33235600 33374688
25784230 25920109
27112273 27285120
41783159 41937276
46892814 47046930
20873639 20999571
26609860 26762921
24480815 24609493
31576314 31760713
34111346 34233151
31596262 31724182
19973800 20130075
30131989 30306111
32886715 33134886
72180204 72396102
86856208 87011849
86974410 87077983
28594052 28741822
29179579 29331128
22247251 22436630
59683660 59833121
76560933 76671988
75058313 75240742
58390507 58501894
32946599 33144792
50737437 50904001
51697815 51819801
52194211 52315782
60975118 61124766
23221709 23425211
21798747 21965032
31799334 31975912
48780852 48918484
57016224 57184293
25826978 25975550
39425528 39625973
38900667 39083635
47102023 47266217
44214042 44351492
26686578 26862946
46130980 46250060
49997792 50159060
34557422 34683656
31284031 31409103
32649146 32820052
65549744 65673835
88804941 89002352
51217046 51341205
68697304 68818075
24178921 24333471
85990315 86111995
90371344 90585796
82574303 82759515
30673818 30847314
20810865 20977572
20666919 20835109
28972116 29101500
33344019 33497413
34132376 34334844
34960709 35090651
25330031 25487539
45921039 46080241
45979109 46112034
41875914 42079535
44169914 44312163
18444064 18586420
26326582 26518874
25456920 25663971
77042334 77236473
61410694 61535694
82506095 82642246
20560884 20713048
46422059 46581398
27596596 27773693
36396840 36534052
31391878 31524667
25940573 26085995
28439249 28626135
21115030 21307072
21501978 21651354
51957140 52100511
46579328 46691060
33064573 33231145
37482539 37668328
30274327 30409286
34042218 34214880
32889532 33085114
35383230 35563328
20932462 21072941
32631642 32758565
37336064 37478732
26259037 26409269
32441208 32601534
25125261 25271682
29458875 29587454
46417831 46651878
39449267 39571979
38911770 39052874
41788078 41911200
52502017 52648102
36690338 36851775
33456497 33606630
37485787 37668038
44363477 44495194
20189146 20310867
39243591 39381308
28511733 28628173
55516219 55639522
65697436 65846758
33881645 34029228
46580849 46754567
41795520 41970072
46613562 46788456
57196212 57353640
51594970 51713171
48360245 48528186
43399193 43531266
38618716 38783690
50653833 50793684
48636438 48745933
26156053 26278583
19376817 19524964
25401833 25578701
45392503 45536413
54695171 54818306
33782647 33901237
25881110 26010352
26212468 26376668
66282368 66451963
76359918 76519724
74123420 74238962
32588240 32735154
23864574 24044819
29092618 29251628
59327324 59548825
61851440 61975307
47080713 47190778
30631202 30751995
30849424 31058823
22604892 22754039
63499148 63644735
68262428 68377416
57718800 57837703
27127179 27285088
28802607 29018841
58385970 58553037
60062275 60240707
61804316 61939396
28202036 28371773
31662056 31856737
53869275 54057729
67366472 67533094
75855101 75996290
37194103 37381705
21121459 21332022
28412806 28603108
48484211 48605733
68165814 68333795
47476314 47664714
31347493 31552386
22306853 22523841
45341291 45588283
34126119 34320671
43368606 43511461
27425610 27665847
25093404 25300289
55607574 55812889
60541378 60652198
51643060 51840115
72392760 72542110
73893192 74064317
41759143 41892396
50743978 50963959
54542855 54674187
69549648 69757564
50561404 50726421
59232748 59432006
54041441 54165853
88495975 88665668
90807532 90905706
97778014 97964233
41468455 41661545
43461842 43629065
22607068 22819194
37511150 37637090
45460760 45584788
36562165 36685695
46613675 46812733
26231854 26429338
44328466 44784516
51602468 51744619
49205882 49406248
85271177 85461351
55882885 56008126
53295131 53464971
49960197 50072578
35300219 35462279
38073918 38220438
35909731 36030081
50583644 50760414
49669122 49773185
58410530 58601978
55286891 55398257
30631793 30822012
30152151 30311677
21893271 22030333
29399673 29520524
20323640 20486721
69763052 69897975
99777426 99903856
101208027 101372621
62932493 63070666
24448664 24603607
36992523 37172223
41619409 41723927
41923176 42035783
32998322 33110307
37657621 37821362
24537600 24697499
21480652 21623204
47598194 47770349
53188922 53287689
29937578 30055294
24185872 24400022
29581216 29733638
62400244 62527169
69765606 69972046
39502040 39673293
25127667 25301034
29532952 29693777
35387632 35564162
65289066 65440248
57272146 57387814
42517763 42627660
26564723 26772752
26266671 26452403
64352127 64538161
72615220 72737261
66605694 66725112
41859500 42034966
20381178 20560953
25030501 25229210
21749704 21921465
98520758 98735212
97920929 98034677
94398511 94516440
123625811 123751301
66908905 67067362
92124409 92369606
83987196 84159534
95524395 95620941
86044297 86155117
71580748 71728205
51622424 51799578
84530909 84674215
105362151 105513013
100478069 100597390
101552837 101651028
30112093 30330234
74484285 74691576
90291595 90400456
80798236 80903303
89219954 89403510
47621412 47802501
68662106 68862726
85815067 85945649
87783536 87905344
48766693 48912113
92696044 92808119
81677113 81816188
98000667 98174739
97843551 97965647
105319684 105419426
37088023 37301380
24285010 24415151
63807185 63941259
77847052 77942142
85524390 85658953
21506593 21693756
18140380 18266951
64326053 64445919
81150883 81286821
72317750 72424252
26055770 26175705
34236428 34367584
47537548 47708678
44510542 44622495
73882432 74008996
37155314 37265840
27313402 27430732
20173915 20349534
44980595 45121470
54652067 54770255
47658500 47801073
37375779 37482286
20676345 20858392
44748946 44899150
64130043 64252019
60157297 60273052
69091977 69207721
24822846 24999638
38611152 38768328
67135869 67261562
79943674 80055671
73178497 73286543
23889760 24060929
43961887 44170846
48786642 48935344
57617231 57803118
22788900 22906830
42589002 42779200
37872476 38050779
26557082 26736255
49567425 49688897
32925231 33080837
21808922 21946693
31629637 31729688
26601384 26769145
51102651 51261671
65522296 65623520
45798113 45922255
54346710 54477391
31522477 31666426
36071751 36182093
31437766 31542382
42946801 43041097
51600347 51751163
25031222 25136828
23934946 24059823
29765945 29889392
48045351 48229980
40190771 40302683
21616416 21723637
28352952 28471716
26220975 26352418
58260876 58379608
72723380 72886325
54717111 54841741
25746286 25866665
21068842 21193726
31819511 32017720
46751155 46865823
56220770 56390905
54334538 54655394
59136871 59363719
25550695 25738573
53969779 54108340
60242457 60355556
44377632 44522339
24738140 24864403
25041936 25213711
73521871 73687049
68876169 68994966
95059846 95181042
58794721 58918562
36630130 36773143
20475475 20670756
73615686 74057944
81520664 81701633
76193274 76304077
34024999 34157301
24502871 24650864
94258009 94457574
86963838 87070162
89366178 89475809
57130031 57238568
25217864 25348308
30511248 30721851
55528811 55651926
75521852 75636329
96096770 96214189
49305351 49431024
24941496 25159440
23687144 23825246
65952588 66078409
62413613 62519680
50011697 50111286
24018714 24215717
61060732 61180594
72386001 72550811
76919373 77044443
24106124 24233064
26282118 26412760
74239326 74351550
89187871 89394748
72772633 72874950
41802335 41930017
28748819 28874791
38143657 38327143
58764803 58899798
58525063 58628049
46424424 46557187
24277363 24407785
32943661 33146166
65656570 65791405
88264240 88388404
67886671 68011057
44424743 44540501
27734436 27941488
62321064 62486798
74665343 74812623
90320270 90433081
59381447 59487309
28142077 28278442
72948971 73168044
77817930 77958141
76025089 76150881
82230875 82455490
45120061 45243827
28895538 29129203
28049500 28224014
27556052 27689233
70531002 70668588
79888578 80067692
41384660 41539383
38995469 39125061
32127607 32249944
22261284 22450643
26162607 26273174
20239693 20402392
39478633 39673280
32768962 32931075
20511216 20739189
52661388 52814626
37153374 37280325
55381935 55582558
54022645 54135064
20500056 20665169
52010102 52182069
39299510 39476013
40691190 40896102
30704091 30869290
29795140 29971024
52575542 52821599
39965295 40120941
67466858 67605305
57983508 58103305
33125558 33260819
67391961 67514677
73553484 73725974
40664622 40841495
26210595 26368813
25380627 25513000
61073920 61268885
91052606 91220475
69148146 69295498
54749195 54878188
31196990 31330680
47582119 47805665
90053649 90269025
89960450 90081252
98159219 98258337
102416178 102516069
21713007 21859378
51563111 51736721
67456190 67629075
80902339 81107546
83456877 83549182
56994493 57112550
29104922 29298893
99147752 99288015
106832897 106998556
114366648 114472426
118428171 118524532
29502253 29642143
99734795 99857279
110428632 110585367
110727637 110832643
92605561 92708457
35431598 35564969
93627306 93795026
97365999 97454734
112640261 112799502
106300400 106398788
88521637 88635935
97860959 97982362
87429936 87537946
110796506 110960812
86760388 86869195
124948738 125054381
82582784 82767657
104230559 104348709
111938628 112032456
116716705 116809261
119430635 119528835
27641561 27825928
95130405 95270458
93091841 93195957
109381949 109511827
118975928 119082475
27369590 27519732
88733555 88922309
98478330 98631456
101956801 102142026
60687366 60812289
106551516 106656540
26956923 27151524
24850192 24972854
73830407 73964442
80934329 81042777
101249041 101361853
37536659 37719738
29937579 30074925
60160018 60324026
75961572 76062143
67627598 67731596
50584842 50724813
52953252 53051709
50290640 50425948
61743761 61937311
60278586 60402555
41088790 41265875
44890315 44998373
59950420 60084465
66986548 67086325
83736219 83913591
33555942 33672717
52496746 52643052
74782532 74907160
81150007 81359110
67978154 68084818
19847874 19958039
31504943 31655701
79917700 80097537
87345135 87470019
94869334 94984544
61892100 62022179
28231646 28349496
49513895 49643240
58514958 58685347
46516052 46632391
46549488 46684213
68989242 69101233
30909070 31087684
136223997 136407804
158905683 159090512
145076970 145195133
172504561 172600484
40913394 41127141
54033275 54147741
54316237 54441028
69403763 69548009
50208547 50311793
34447449 34621710
35596741 35719369
61225074 61342990
75025866 75211633
56099513 56230301
37725837 37934795
31453069 31604824
71150708 71276247
80490560 80678531
88218162 88319470
52590815 52726158
64310475 64429424
51159374 51344592
49512680 49618103
49854491 49978556
60074068 60210295
58470914 58576201
50471189 50675106
43593287 43778258
38487422 38650811
42627062 42838463
50464888 50896629
63839243 63960167
102288070 102478630
89881754 90029141
43652164 43812891
38551078 38685213
34054665 34292991
74029031 74156396
86093206 86272303
89136947 89229005
26125888 26272910
24909524 25097982
83007685 83126769
87057684 87167836
118617863 118718374
55325396 55485016
25654177 25821541
34851223 34986341
81436175 81602268
56490740 56620386
45050290 45196919
22302433 22523898
28659727 28872283
59007754 59181347
50257311 50396429
51502280 51630219
43997401 44196277
25221786 25420620
71582693 71760352
67422373 67536513
79531606 79634641
28270770 28400775
27278007 27487493
65130798 65334029
50885079 51052306
94200991 94303758
101924728 102040442
26164737 26404753
34817528 35009334
66240390 66415815
67485584 67597298
61721655 61837780
29818736 29986485
19198787 19396858
64671802 64887554
59070031 59225087
30848969 31047066
46228181 46462573
84615751 84767079
38594172 38759822
55650315 55801838
36302133 36495447
23266588 23459391
60562079 60683727
69620675 69783072
57820711 57927784
25887818 26057635
21829489 21990206
26063621 26227377
54217112 54343665
53137168 53263049
23562360 23728550
29661673 29826960
24329939 24472171
75267663 75456280
72388282 72503056
44627915 44755847
29128537 29262878
40450818 40591295
25125725 25284766
68459011 68569922
73444386 73584566
56053862 56184061
20953552 21068346
19165566 19331166
73243020 73431698
93593494 93692432
79608083 79739750
49446485 49584180
21745343 21930760
50193399 50384202
53739231 53826222
27374344 27577780
85561804 85717832
87365480 87534953
117898605 118081911
98654764 98749158
22565708 22764264
48246170 48458666
71256190 71414622
70567852 70720035
98503819 98620210
39798904 39934491
41340689 41533071
77486177 77660331
63767610 63895662
84405389 84552800
90210041 90569586
21410686 21621185
20596055 20762580
66693642 66856943
80622501 80741786
95585861 95711010
26805489 27015118
26118452 26306391
85982715 86138781
100824060 101016960
75938276 76090352
44293178 44487768
28588906 28793256
105957047 106246642
99566450 99726227
123139386 123232959
130041444 130451773
121154642 121494431
93084474 93229046
88054377 88177536
124855306 124963469
129816808 130011082
139894935 139997746
93081795 93470181
134131953 134226235
113762312 113893295
138082019 138244652
111256364 111356897
32082818 32317053
45236018 45382182
71695325 71889038
72404024 72833279
74173335 74286946
29186882 29386396
40864015 41066162
44529183 44650185
32527829 32662393
39895457 40047498
28515531 28745533
46368946 46554773
58451428 58588464
45598237 45741923
30187253 30345057
24984926 25145079
31147520 31327593
23547404 23689878
69346659 69492465
85638725 85844694
79909609 80013347
23279305 23432156
69560344 69751754
69904801 70021247
77541355 77636644
21965729 22097974
31870089 32026371
74671723 74867709
65039122 65143466
93724802 93828586
100164934 100282622
43953546 44082307
31440070 31629002
21719224 21857028
62813435 62936062
69131199 69291503
84541101 84666071
27729175 27941226
65467251 65663955
93712371 93838772
61486345 61620771
120909732 121073435
30895124 31034471
49782786 49998934
44639572 44767634
52782865 52914349
49236317 49372052
32938290 33064203
52486178 52660622
49845517 49952089
42723919 42843127
59955539 60086881
41640597 41750764
33612186 33798731
28772960 28923745
32136405 32338520
21963223 22168063
31870736 32085156
63876865 64019274
83575095 83683607
57903276 58010753
71969936 72139264
34841626 35034160
35624872 35794879
37611479 37741305
51716821 51837702
30604982 30720893
26966725 27108378
35440313 35630610
38896914 39025126
23600869 23707964
32064708 32192134
28968827 29108173
30862773 31059112
74687905 74827634
52062641 52176611
77164129 77313383
42857332 42963609
33618964 33789336
36980765 37109451
52235435 52368677
45703608 45832810
23621637 23741557
26901406 27074503
33246499 33410771
59002618 59149046
82825613 82929566
55211657 55337868
24808824 24974251
46938300 47111320
41153672 41294999
48973989 49169593
62632938 62734724
57605844 57730929
76369253 76483580
31655939 31795480
24217041 24374587
26728623 26870492
29550090 29664972
32085435 32226525
22847709 22982300
30629854 30812238
23727275 23842459
60411963 60571016
58840225 58947350
34789761 34929820
26174559 26313764
19959366 20079336
34851625 35021128
64081638 64216156
40168596 40301504
41336625 41521653
49926402 50049560
32140591 32324172
26643346 26773807
25689899 25802741
29940085 30082208
32219553 32347721
35072011 35207535
37345064 37467728
26453587 26609065
35031827 35207998
21690362 21836926
49946033 50138227
43626583 43728654
28809864 28919909
32556000 32685630
27146371 27294584
50099454 50262753
22998009 23152054
52758014 52884991
54089669 54248660
23477309 23605990
24082768 24209352
21366722 21488632
32191031 32339037
36043503 36178096
29022238 29157192
26380444 26513261
53119172 53237352
54090989 54228272
40346258 40466277
29013679 29162071
37231715 37452962
24659085 24838764
24894659 25009235
29649143 29764190
19004337 19188613
25030044 25163854
21573162 21703205
42243795 42382520
47394116 47495725
24491323 24672596
40448814 40609912
60279289 60432432
56673726 56770381
45439307 45541936
28377686 28515535
27319778 27481222
45540963 45669865
50161117 50262696
38546443 38656402
36085893 36195242
31225647 31408288
44727694 44865647
22040369 22156466
57273363 57467259
82563045 82660555
57683694 57820074
60145711 60267919
60865537 60973614
23674674 23854638
24865327 24981523
38484203 38586190
44540746 44639796
31683982 31808737
32711957 32899118
41422526 41548636
57114297 57233516
53160313 53272848
49362781 49465924
34985018 35162498
69414461 69548706
86138518 86278760
76859999 76988839
47786958 47936293
23879648 24054830
27137763 27269989
56942578 57089971
65212330 65365226
49458830 49578114
23384747 23573711
34709679 34928741
37666146 37794133
43195656 43338812
45141981 45268240
25274139 25422814
21190948 21386432
25604020 25726317
63292156 63440277
56027415 56134966
44040699 44161918
24817570 25015826
28662905 28840879
58284179 58443178
56904688 57014530
61603155 61722302
68229967 68412478
25162843 25307885
30090385 30231055
30265458 30395942
35614998 35789851
33145379 33298800
22377845 22536399
55741921 55901296
58953106 59069268
57602159 57762659
53122416 53242162
26730353 26916703
35007547 35440212
49853437 49996112
49657981 49774738
67984711 68141544
29594894 29717638
24292458 24481196
24577756 24708435
58819736 58925504
70883325 71071502
51131215 51236072
43543093 43709936
39627716 39754341
73735722 73852709
85614786 85800451
86731120 86834843
52060750 52200080
33340536 33442945
55479919 55608743
64008071 64183933
59592517 59754106
66635710 66860617
74853140 74974309
71511232 71661038
97987697 98132433
80133332 80232603
19893300 20092392
31557015 31713599
55722656 55826443
65431309 65571040
76144722 76290223
27139887 27297813
27167274 27304572
39940798 40120366
68259127 68379410
83538726 83650098
89771577 89884008
35347817 35466446
29021241 29201542
52588766 52725192
56537150 56640616
62371371 62565237
54241450 54355351
28276679 28434115
38076613 38190953
58915179 59063289
39836211 40005448
44152513 44250288
31618707 31755947
35428280 35575908
41075021 41183466
50983727 51414943
52569523 52701259
26771215 27002855
30660613 30859208
55267298 55440120
65007580 65121551
25922473 26100860
25017080 25245960
69306163 69497129
66734169 66887511
69037603 69162529
24762682 24896875
30788325 30962757
57169084 57341276
73728612 73851579
87956976 88070602
95229772 95372733
31908392 32032628
30872903 31081741
28513666 28650365
68120503 68247917
69690933 70032541
51836783 51945621
25565341 25749974
74835506 74955493
129075521 129263474
94648412 94802998
91434377 91546296
55122403 55266054
25708794 25895949
80617709 80753940
69628222 69744604
122194289 122352680
61906140 62126639
30563512 30733504
29124268 29286511
71807311 71928459
76803415 76983507
80588830 80690419
22963042 23091583
39674075 39849297
40993793 41101581
81046633 81167302
76806229 76918866
83899653 84061680
42127174 42270410
55649785 55820575
71840067 72070475
79854158 79952232
77040261 77138152
42905303 43069254
35214960 35358673
58111592 58248593
71940376 72321318
80983707 81157518
33805174 33978961
19648057 19777875
34181797 34354961
36935152 37059763
54819998 54946280
50676566 50811090
49282344 49408656
31861225 32060323
20249989 20403075
27224300 27392392
29935690 30070348
30271518 30408165
25874915 26056408
54769206 54938975
43812894 43927068
31265848 31472767
52467459 52600587
53197486 53407797
31997295 32156900
27247084 27432455
20059958 20227444
32162061 32298039
65714605 65900523
67080670 67186503
61770795 61866366
54729510 54859213
62200314 62586091
84855758 85000490
90815660 90926033
93022725 93178926
37308920 37454034
39508157 39615761
25917628 26076935
54585494 54765238
56803343 56893769
18236864 18373666
20215219 20363974
31537481 31667768
36320776 36478418
34392851 34530967
48098815 48207151
30485146 30611399
26211227 26394125
28946359 29150728
26224289 26333629
35104979 35233036
44589796 44729570
21634430 21756427
53145572 53334518
54387879 54485514
32882754 33015001
31071959 31180900
30479201 30596905
27152749 27367598
65313077 65441636
76041890 76198605
95110953 95458787
26606234 26791895
35919487 36063302
45441154 45606049
51632895 51745764
49951588 50083912
25754509 25886146
29275099 29415752
58861321 59045649
61504807 61648656
46931865 47106591
48963630 49096632
37656777 37798632
20838885 21032821
79603684 79744165
75472884 75581795
54801572 54926275
79044847 79161945
25636070 25835080
27465458 27613349
56616336 56793525
75077657 75212061
78753067 78906797
43306322 43493032
34115834 34310651
72222616 72416957
77263183 77374365
56652294 56791025
25863350 26003486
24379782 24508773
28627601 28816587
19875617 20004384
68013790 68134319
75454129 75556748
77360256 77565932
22333836 22460594
25828929 26031964
63732955 63872478
73653260 73787732
48293044 48418457
46050147 46177081
25317361 25503836
30788554 30960795
48049802 48197208
48852354 48964900
49873836 49995810
32952996 33143893
26807319 27009947
20125631 20269223
50253643 50399589
58280746 58487005
29125426 29347419
52821126 53036373
41967351 42157968
42973751 43140093
50872293 51030410
33313145 33491522
36066879 36260616
22232449 22385690
46976828 47183359
45417583 45524952
23777122 23934539
41972861 42174543
45077885 45201282
83542484 83671907
88037095 88208475
61316210 61493802
19492854 19679917
27076862 27273660
31702916 31892180
26222390 26404644
20119304 20300097
28665146 28842246
32411588 32577346
48899654 49034647
36691930 36814092
28429729 28626231
37700096 37890402
22913353 23084428
37549482 37723256
30987982 31095926
18742361 18944704
45347637 45547994
40677106 40797933
59161605 59327581
59683315 59809891
20003135 20181900
52625575 52808412
49728319 49861184
31152433 31321477
35208861 35327525
28923345 29073223
21880792 22095774
29020570 29174409
27287234 27492779
24419206 24583552
23630026 23781599
40286734 40498174
29003423 29198241
20209342 20367485
49106932 49282017
45623426 45759211
23856840 24039098
30971445 31150053
19984091 20171160
71809321 71961121
78555361 78741247
90497692 90639746
46890832 47027184
50506707 50666933
42716723 42896975
46411116 46606453
44620456 44742626
47575487 47770321
48922364 49029900
27341584 27526391
53892609 54022474
59657891 59849009
55627582 55772930
58509461 58656750
32432534 32633579
