136497440 136757717
336645284 337101319
86927817 87109759
74289470 74456347
26993915 27174177
46205192 46407020
63498902 63641417
73470659 73649512
55770147 55940949
113968113 114148046
34517738 34736380
50690935 50875628
77667847 77841766
59904634 60068100
31770883 31955655
30466370 30666052
28504769 28719257
53967348 54180434
57315194 57452972
52708974 52831363
32094777 32251293
24136949 24349106
61336645 61478768
74492271 74654314
103149175 103340309
60846378 61031332
24376688 24574764
86390416 86533234
88065700 88233715
42284309 42452855
77922204 78131041
24725612 24906944
32655606 32885088
86862153 87000928
93337958 93451513
95040289 95250712
30413679 30695952
32028299 32230921
78083388 78417363
86543235 86655539
88626863 88788608
51366705 51582811
39216792 39373364
76303233 76441851
80568665 80758663
102577308 102704285
54763576 54963623
52146167 52260285
85167981 85397778
98394219 98522168
124866334 125004329
73896737 74101418
79341256 79471571
23833010 24041385
29585447 29741530
53778593 53935136
49863333 50019526
43181962 43324944
28439783 28647588
29811597 30059726
32113973 32319517
48616155 48815113
60121932 60275439
27830732 28031294
38548981 38757307
36194682 36394951
24080434 24251908
24789067 24948360
26973192 27209208
33282409 33520772
69640714 69850829
87149205 87313594
63021700 63181133
37869413 38072037
29305286 29433901
28914350 29118278
100716475 100861554
101844847 102028982
45123866 45307492
67960739 68167548
106450077 106615182
161561371 161749957
152150423 152391640
299717716 299931930
287576896 287718341
122631362 122861737
176823657 177017086
96349751 96483084
33126213 33303767
38630401 38832157
29785065 29924096
53693336 53894775
53986351 54117273
27200747 27441209
46793340 47004658
29923343 30130105
40092262 40246336
52937317 53139945
26082492 26241859
38442844 38715287
36020107 36274643
33403642 33613283
62143576 62310854
58281893 58399536
33756009 33945677
27100906 27239173
25090741 25265009
24588745 24762632
30381198 30550724
56941570 57080335
64675297 64872212
52534460 52771032
52891163 53006278
34686695 34912760
52777785 52929338
73958358 74127950
49552563 49742472
50605955 50728864
31927070 32126157
47789432 48040543
43890205 44002373
30879560 31064408
28784293 28906990
23844269 24027603
47897636 48136843
38796175 38942076
34816408 34962825
30917566 31077566
26090460 26237684
57261960 57479737
43748173 43932864
25722775 25866264
60515598 60776132
74053248 74160271
38383580 38616381
42810088 43037268
39623984 39804037
43670166 43844233
41154559 41315955
25409953 25641808
46148395 46351671
46377068 46483342
25479190 25680972
50472439 50622365
91867940 92113722
88985139 89152094
96630913 96744736
30506192 30691389
60147060 60355752
91925660 92075063
109096608 109282460
87446299 87609298
101034079 101197271
74101092 74300834
77443568 77601237
82812221 83027390
87824841 87974329
71929699 72074467
50919391 51164341
137640579 137814065
126592337 126735302
95178388 95354924
88944789 89070181
51737675 51879157
58466258 58662501
27288907 27460538
47184269 47408296
52823848 52965406
24210587 24441806
30859074 31072648
28120835 28346915
45612772 45811293
47580779 47723684
24805241 25029541
31432183 31663458
22584759 22784460
33071467 33273520
20643519 20814561
26818692 27012079
51402129 51636591
46560902 46682635
48414657 48625045
45039654 45173941
47045288 47252246
38419489 38586909
56025399 56185218
48063023 48213388
45375993 45604888
43986072 44107637
22881853 23081315
35297679 35481528
33929942 34112883
38069981 38321416
32504465 32654138
24364332 24546296
65023105 65238036
61554304 61681083
60168118 60406343
50986445 51151539
28872788 29101202
39335503 39469616
60022641 60240654
89306674 89487705
100075132 100298498
35080233 35289560
42509070 43040348
47996478 48115322
21937218 22141199
38208473 38394447
44652484 44767014
43576798 43769173
47142045 47265332
41061359 41206147
37894313 38075671
30756788 30896875
60053944 60218637
90519893 90740742
69791112 69900635
21753046 21921500
90373895 90524441
97260169 97441352
114672553 114787078
81546083 81711284
46318375 46462815
22512793 22719632
86811774 86993300
88895023 89027664
88113206 88229407
61507395 61688721
34919551 35104428
66569672 66737857
80769790 80958908
90386228 90534081
84907907 85013695
19855634 20033221
60263463 60445471
81829818 81940965
87757188 87879525
82002408 82130067
40360208 40504483
31235939 31457972
76951857 77090350
91419220 91528810
75501661 75650238
80715741 80807995
25032976 25249038
70325044 70485691
102865631 102993356
104932284 105126881
111041761 111141777
24312941 24524483
60316445 60524889
58613941 58729356
61248888 61381429
28611251 28849815
51193898 51366233
59287126 59396546
60614771 60769606
25108188 25295189
38414622 38608774
54947925 55119676
49213373 49353126
49017797 49127330
28922664 29120147
27081502 27284369
48865400 49031679
56336143 56458161
32823721 32948902
30390601 30655342
33349000 33535124
28231438 28383550
60490306 60618991
66334214 66463811
41054742 41199825
32321074 32505207
35085381 35217128
27223083 27393411
47757658 47913637
54925770 55094869
29968807 30170187
31941130 32101008
33607423 33812566
49592835 49775407
49045567 49188390
23431669 23575542
30828669 30979138
52930741 53121109
60008086 60140085
46555418 46663639
30144750 30288367
29576542 29705371
37753089 37941885
51769838 51913778
74023240 74174366
66068026 66184476
63642612 63757303
36547646 36773240
27331388 27559257
37614085 37826316
42829855 42961890
44435042 44548433
32106945 32241739
32142455 32329564
26183235 26330228
19871671 19983287
33511380 33624564
33409534 33556237
43067574 43251520
64121478 64253463
34418850 34571990
24946679 25119038
25902332 26040830
28757001 28922018
32822137 32963043
27362366 27485690
31249930 31465962
29915090 30064307
32876593 33094272
53251560 53414921
42285485 42404964
28143845 28301495
39675625 39832778
32248290 32433177
38666604 38822151
41129452 41260411
31909287 32062504
30438187 30651690
24074167 24214768
44375519 44525559
43946036 44057634
33971420 34106353
31282168 31504340
26706857 26852363
57994692 58182577
52654553 52767014
23492284 23668105
27769187 27983940
24161569 24307250
53876180 54021168
75906558 76099418
55629257 55763860
34558772 34680095
24799326 25000121
64360776 64575211
83439651 83571119
71937320 72063830
69364603 69510071
26573196 26726880
29873873 30086674
56535866 56676475
59122950 59240131
58314119 58435874
36470276 36591870
65825984 66060019
61237528 61387628
66544598 66650784
81130522 81321763
52212819 52333782
30318314 30539565
28115873 28274966
65369494 65526046
89096624 89200650
93079667 93257703
26917477 27089547
32600717 32736030
36017152 36179302
34277352 34437055
36660177 36777327
37236802 37443711
34818614 35028938
24372423 24512933
31751958 31919402
23090800 23219136
24286765 24437517
42341688 42465347
51115948 51281649
50079653 50272491
37768346 37887867
24913720 25072753
46861474 47063621
33423129 33592456
34210051 34374937
52309130 52458193
64178422 64335583
47540305 47715285
48421561 48529324
19425334 19544511
26769827 26924919
29998030 30165699
47457300 47643549
83643009 83769927
99027228 99184513
66983417 67146238
50853360 50986124
24450846 24668936
22134710 22275097
26729464 26877985
20618672 20775030
25081091 25209160
22114649 22304684
29694407 29835259
89599793 89776911
79220861 79356242
78838980 78950292
28568865 28731411
28377250 28529305
26862937 27033653
37068563 37221610
22841697 22985087
29407693 29547635
30412683 30552515
26697632 26874064
30970663 31155979
27590819 27719966
29485443 29624367
32415984 32576496
27854976 28004687
28791945 28958626
35452247 35584514
41659978 41880222
49524055 49620210
56861624 57046315
58198685 58303755
48146830 48280472
83123715 83340029
54791096 54909318
47046086 47230668
48403285 48523411
34498465 34658884
34959334 35079273
42193417 42329155
43466653 43636214
29117499 29284550
48524647 48736695
33609668 33772042
20618002 20816878
33159726 33336622
31712397 31872144
51523541 51665794
51364982 51475757
33091366 33272077
25033319 25219169
26927853 27061804
22094718 22247736
26593303 26716074
22786855 22984013
22470180 22727398
18759966 18916573
29937714 30163585
46190301 46349146
46420868 46550094
41156151 41322500
40318470 40462369
27785242 27943243
23101375 23298777
47101747 47299122
44287474 44405769
67020709 67252294
74748081 74871478
54583700 54747804
61377314 61528881
61743522 61856746
41378623 41592666
50344074 50525154
28469334 28635298
55486022 55632767
61632521 61741989
27123081 27261723
26490082 26674542
28051140 28259138
33651213 33776853
23305524 23436275
45017509 45237735
39281778 39456039
19821000 20006276
48178392 48349636
40869684 41016904
29693861 29886141
32639357 32801609
22532255 22688822
34674139 34842441
26239178 26462683
23152425 23310889
23447193 23657358
40964252 41143610
30990208 31203571
28055211 28208925
50211615 50403356
69402382 69524338
39814565 39994742
24551921 24711604
29233026 29384224
30978234 31144904
27841466 27971114
38130524 38294072
54193253 54399968
56566850 56664786
50256371 50403455
53787016 53953978
48806397 48923690
52603168 52783995
40837334 40981976
31204837 31359012
29315286 29510364
45698966 45830606
53494845 53691016
31325930 31469241
30532599 30655495
28177558 28325338
41374567 41637934
44081587 44225368
102142617 102274590
81564842 81772244
58983199 59183144
53351791 53592196
49400348 49554865
80762455 81002706
82651118 82756588
60987797 61123090
21726313 21897459
25520625 25653752
28923926 29120309
37826750 37981384
47256209 47394224
30874172 31035207
26027484 26186678
37976282 38164250
29828087 29994597
26663097 26823918
23547176 23709886
34362159 34590283
29661621 29861647
45477988 45616669
51097305 51274960
40976448 41126611
50527851 50710112
32185718 32393338
45118817 45282599
56642435 56776312
40866480 41031819
50171093 50363451
27288340 27493220
59051215 59251294
48892892 49066389
29568972 29777336
44911889 45132313
45215284 45422705
42644833 42862264
35958341 36137621
20428061 20639596
35434366 35629434
33220418 33402300
39907334 40038625
56966550 57171096
21211926 21377842
56040902 56211361
62804530 63025134
54529087 54664487
72165577 72334389
42318214 42547593
58409712 58631090
54295403 54416384
62079445 62298607
52039777 52200126
28426411 28611522
46376151 46594204
41636296 41842982
76736408 76863309
87624583 87759820
92169018 92370009
32381513 32600217
34902778 35089986
41452714 41649790
35182876 35383410
28507840 28733029
28641820 28853126
33219966 33387461
71745565 71986525
101527859 101655122
37639179 37781131
35003521 35159069
26323191 26477178
39952065 40162967
30783600 30958673
26484807 26657708
25934368 26144369
25594666 25743473
26707159 26906806
60155711 60304590
61951333 62134571
64711079 64839302
68479552 68671263
33388443 33545088
22998421 23156980
27058086 27191166
51042943 51223045
73480345 73612517
46210964 46379676
26107490 26232667
27069243 27261838
61646617 61768685
97992520 98163243
59272232 59402265
50084641 50231788
26643461 26815282
45165017 45289926
47157039 47369076
31277787 31469823
32537344 32726057
43922981 44068753
54806829 54921508
33090473 33213477
25678399 25843027
31827400 32016767
35575207 35791540
49064984 49218616
48534076 48714254
27385849 27539271
31726896 31901267
27247574 27386516
34339884 34485682
46943844 47100169
36893511 37015437
38774887 39035615
27417892 27580192
29963400 30140651
48148602 48315153
51052190 51183456
62713185 62911423
54782815 54912731
40355710 40495745
47180118 47343833
35942708 36080155
44077685 44273550
49680560 49805446
26227849 26392995
35865021 36039676
32684279 32832497
36113686 36313122
41120939 41242841
22802812 22945899
29166630 29377350
26732595 26915986
60869272 61120672
54139834 54260939
32765528 32950219
33074467 33240880
57893173 58106790
68055623 68220731
79578204 79705140
43181163 43340088
20107057 20245621
25256309 25482786
27006674 27225893
52386183 52513058
58003692 58152186
21916407 22067344
25678566 25870947
24565035 24723179
65374752 65518025
71787322 71948619
35652035 35791360
26648525 26832686
32797953 33000615
21439039 21642265
36660362 36819999
44955364 45147701
33113862 33333205
41989076 42159442
28877425 29096294
43759564 43919287
65491598 65657210
47637963 47769961
31571180 31725520
23208430 23364362
24640239 24849942
44806631 44952524
33766722 33924048
26339678 26499786
26565253 26763907
26770148 26964867
61288229 61482564
65363610 65468305
47221126 47398886
46091420 46240687
31819979 31948149
44423549 44558217
45284173 45480261
34254497 34468367
28292226 28425343
31292258 31450716
40227452 40352380
42314311 42483095
30698344 30905538
73392054 73568722
56701952 56827601
44364684 44540609
38535350 38672615
32109084 32295763
29014957 29206380
27671294 27817723
25551700 25710118
33712967 33885567
26965403 27106602
35824438 35983732
33492270 33680456
54419498 54563407
35204765 35357743
21786035 21956643
26888743 27076361
28448258 28663564
56642055 56835963
52470148 52639049
32932470 33107423
30791150 31002878
29076987 29267834
31647293 31847315
37997379 38217950
31146355 31312411
26393523 26534262
30259847 30483901
35032661 35244839
44180985 44354143
30892721 31057385
28305585 28507519
26893554 27075904
26504873 26699669
36687428 36843082
42066011 42233274
27150949 27361980
20577119 20742429
76724180 76862558
86478675 87181004
87409694 87591390
52671989 52815226
58501963 58628133
26242683 26454951
73007041 73171647
73538441 73643801
41847908 42012000
48574003 48719256
29550581 29764108
24716560 24876879
25498838 25674832
22652663 22825009
23081496 23279282
22811056 23020412
22527867 22712608
47073126 47260487
45388205 45500805
33457891 33674303
28927786 29079479
85594250 85735643
88509669 88603327
94094287 94319771
56570946 56702398
61671763 61907258
30855419 31067313
33227333 33394376
73934761 74118917
76986424 77108019
59265419 59406664
21286547 21469071
31628850 31791937
23115671 23254133
33122108 33263432
40529069 40647118
22695834 22855156
27869699 28052287
42376231 42556753
25221151 25353464
30578620 30703191
25903645 26030163
23257302 23446096
24423097 24591246
38545898 38685337
32663893 32809327
40352385 40479464
24309419 24510628
25011952 25240630
57912570 58076303
68802428 68906496
33301820 33418203
26823906 26963689
22123250 22328570
56681846 56907817
62896739 63036756
47894519 48029808
26368489 26531675
30288011 30470337
35834055 36012383
26810164 27006851
43479635 43610790
47131583 47311261
52736056 52877354
56073166 56242628
71133091 71317850
79035223 79515847
56371309 56502008
46083752 46210570
64334501 64467886
32567190 32743048
46510987 46671366
32245468 32383275
25978150 26127845
28799353 28965535
25180444 25358715
44296419 44487939
42569351 42706145
34960475 35089682
27235476 27377122
23877767 24038112
48760947 48961967
51419545 51538186
51683615 51849085
59711245 59817454
26706719 26853502
26646033 26877388
27946382 28089052
30527555 30658765
51280491 51417998
32679484 32809509
22225484 22427221
37929849 38078347
44982768 45119617
84146071 84296575
48582741 48704626
50743251 50886481
58308301 58497881
64275419 64476558
66420343 66516367
20994247 21173339
39408265 39586956
40355507 40465580
45086493 45244289
30500405 30670543
30899617 31109646
42905599 43050323
36808863 36945029
36749010 36872337
27678995 27786890
28708015 28878031
27471716 27615188
26245048 26378313
45837745 45975017
37082479 37249763
24257791 24475518
29321412 29474617
32920984 33117162
54317437 54499639
51001225 51110425
22809728 22991538
27118100 27302559
24039263 24246354
50339096 50525769
44493477 44626663
29810560 29967559
26538543 26701446
32624636 32802083
75093657 75234030
81227346 81414400
64879634 64994646
30811172 30942180
30804707 30942777
47622963 47821489
50577510 50704614
32061724 32213399
33644075 33849926
50445300 50585188
73780277 73903620
62087997 62206349
73610920 73744305
29257852 29456049
31537289 31671608
25910075 26021655
40625006 40751973
40469535 40599445
26362153 26503940
26711174 26846400
27757004 27897770
51864723 51981713
64431748 64601428
45280697 45516623
49292474 49425458
39260210 39412297
40426553 40593828
34315958 34442795
37020676 37181868
32174676 32290310
26234409 26424050
36878068 37081552
32854121 32993347
24624655 24761336
39071887 39217535
69028908 69167303
24860397 25015940
27124725 27273308
28425814 28570304
61347003 61569413
55875730 55993461
25328661 25487014
32546416 32728606
27050799 27229202
52736166 52900529
50217433 50331242
46947538 47097251
34943244 35123473
28600005 28819295
41662653 41787149
58820867 58984677
44446386 44579018
54255029 54408046
26078185 26286954
51249184 51424483
36934735 37093224
35887510 36014052
28384823 28522545
30294460 30499055
21806716 21957604
55879473 56062247
55813420 55926578
42415901 42548680
25969624 26148326
27988922 28176208
71835249 71965277
68797043 68921411
94950441 95080919
40025652 40155199
27607104 27757459
76401299 76625609
85656675 85780729
76012769 76175980
114035315 114154282
38909266 39063328
23552043 23793292
82115588 82254346
95218700 95354175
91265593 91393097
105305025 105477794
95862836 95983218
97351597 97609389
109536638 109642702
116347935 116496536
28823019 29041412
75069981 75280152
61708909 61938085
92141793 92263921
78454862 78559426
23412096 23580567
27448584 27649945
28952113 29085897
47292168 47434049
54195788 54300740
30704773 30833045
21095555 21309484
31825540 31962325
34309451 34444226
53612883 53766203
41074965 41222650
33905013 34095580
40713609 40849006
33956908 34080232
27149443 27353536
27088500 27257031
30557084 30764378
78674402 78812138
80504130 80693681
43660720 43799497
54740147 54923362
25052995 25233384
55431523 55621860
64617051 64784601
52006401 52129717
49773664 49917197
54008223 54190842
49836874 49972849
58192053 58367432
22707718 22891847
25175400 25292955
64047772 64183930
83795822 84003016
85233974 85334831
27200382 27352665
36455759 36668484
83522778 83719307
99787468 99911512
114596667 114697594
76266807 76416617
40024311 40144654
33422860 33646738
95601840 95742009
92582095 92682850
98776432 98927002
98607924 98757234
29889512 30110462
105983972 106195649
105079427 105199709
81179272 81302441
91857020 91985659
30298448 30459610
34919019 35161184
27062291 27281575
60486537 60646322
61878586 61992243
53480699 53627888
26691892 26869591
90085639 90223787
90782298 90931651
87454198 87660900
88084955 88210735
31633949 31767569
101977606 102270764
110431171 110545099
108079805 108199366
121324668 121418865
53877463 54036482
140694586 140896065
139916459 140024809
126103721 134152976
171631753 171739208
168128958 168255742
28137566 28338226
69485029 69617682
92903978 93055979
69701590 69846215
100924803 101041136
29394309 29560429
71045907 71179209
77150462 77349195
83204644 83317409
54524507 54702750
26133421 26274428
117434618 117668988
110957158 111090898
131460728 131578908
142999658 143118106
103826437 103999184
44689452 44894451
28848908 28969876
52485792 52618879
67724757 67835941
77766495 77965714
42953305 43139689
44899122 44996633
58916870 59054822
71115103 71239651
96792129 96964137
53856788 54005368
49137781 49241744
33521636 33767684
69976983 70162134
89257329 89372558
75373342 75494022
57854869 57993876
24910249 25096740
22318533 22463515
32356357 32560465
59292030 59442329
56535990 56651048
31801490 31994116
26125085 26248408
49343909 49495325
49647502 49756778
35417279 35550060
27225261 27418207
23533147 23711674
43467456 43741003
62641932 62793754
47038807 47153246
50729314 50872812
48131667 48232255
27763550 27976106
55214062 55394609
42146705 42295221
28394313 28530322
33260549 33425489
34341690 34543483
32658448 32813666
46728409 46927570
48047370 48213721
63900545 64107617
48674593 48834749
56139592 56274530
80772441 80953662
48149721 48313065
36079885 36299983
54287608 54474439
25145050 25300223
42688462 42847340
46653258 46793459
28249258 28466762
33281979 33443063
33203314 33370153
94921247 95173266
96697010 96791046
97346037 97447095
71770127 71904211
93272003 93392475
99436390 99617815
110036175 110229983
115450643 115551608
62800530 62964362
116160805 116328855
124644697 124755406
137608793 137786185
110229822 110335560
120467757 120579898
67458592 67648849
97981295 98166256
80924391 81027531
104931032 105039646
84931565 85104220
27237096 27476950
26292938 26462997
40514761 40664087
66956749 67149847
67069387 67186791
27614028 27818694
47475272 47782695
31368118 31553636
39807052 39990695
44406780 44578499
21457427 21605744
39105454 39306134
25241201 25403335
47334788 47493080
57506647 57644688
50447755 50576355
52287580 52489193
48015194 48127643
44245882 44475202
40153672 40278814
22369398 22567642
81355032 81566770
82652574 82778888
78264675 78395401
120654206 120773395
20976433 21110514
45924643 46153409
60904037 61034559
68452592 68586006
88429287 88567623
42650810 42791445
24011777 24194004
25707895 25849535
75058662 75199085
72490295 72603394
85065062 85168867
45934824 46189855
29933425 30086034
33713287 33871117
57128029 57258803
42273037 42379548
39305603 39482459
40302521 40437442
27825252 27984762
47564838 47684541
52282822 52432999
33009920 33210945
28413766 28589409
24624395 24819967
46849974 47030817
45836569 45955004
20620385 20819011
31969909 32108492
26019993 26169493
47872091 48096066
63985761 64119314
20748501 20958899
55692864 55827139
66641548 66792223
30013333 30158599
25622564 25737604
29612732 29832122
52933085 53068165
77539118 77705026
52578858 52726060
35824190 35956695
27562939 27768202
26444618 26624863
31847265 31970157
27011304 27130618
19411627 19563997
27979957 28229405
150233153 150417079
137365409 137491106
120150830 120309407
161666820 161793489
71987281 72161074
68492824 68614309
83986239 84200097
37690141 37858321
38572958 38686749
35406643 35547989
24746656 24904356
23166196 23310354
25883604 26056326
40688533 40817759
59915638 60048854
26847642 27008987
37047816 37265809
48634648 48786013
38596413 38716382
38570654 38727249
34749698 34993145
31960937 32108488
41374220 41536436
44448280 44584245
27261191 27426301
22632658 22804678
26270467 26408552
26652737 26871458
37848110 37990678
30549450 30693687
22647372 22835709
25799247 26008944
36282905 36441741
38703189 38914729
29618319 29807430
22803409 22974598
44604683 44804157
26756665 26907975
46075467 46229156
36519615 36642287
31426784 31576809
33835901 34029010
38193622 38379583
131503692 131667708
141927242 142052421
92416402 92608116
55910734 56081281
80669260 80816095
66195950 66401846
56914074 57095512
66518595 66720412
66542930 66728787
119079089 119282449
111943946 112088873
80818105 80979674
96375768 96519885
122637329 122859998
72911468 73075722
88157193 88338615
79734308 79893312
36650170 36968019
29841192 29987472
25110100 25275290
32512935 32673378
51010047 51182040
57436058 57599371
37468726 37595892
27273113 27490435
33818026 33992826
86942427 87114982
79590575 79691944
100970426 101082231
31482966 31644049
22413810 22560119
63589624 63769425
79900358 80016841
64728751 64850891
72672304 72800776
31314136 31483068
26720663 26910522
47970721 48114790
44984926 45099832
34582309 34727692
32311910 32494623
30806391 30956347
26369282 26512752
23323720 23509833
23687487 23871309
69874340 70067004
79174605 79287540
54734054 54938957
55775222 55873973
46890448 47107789
70344569 70506427
33371641 33511581
31469219 31652127
19376952 19566126
66339380 66538539
73569248 73691436
62786964 62952167
50102415 50251534
57135435 57302056
20306894 20528619
21626626 21811508
50161453 50336432
63266823 63411806
57637143 57822026
26078533 26274591
22300476 22486193
57670944 57871439
56768998 56983257
57403794 57506597
20797902 20993406
26229379 26377439
38628424 38798498
49115401 49280115
59264909 59414930
36024665 36211604
27390074 27560554
70391388 70517408
64136811 64262348
79200782 79364950
30453091 30637686
45988807 46196981
38417007 38617017
37268081 37446633
28842392 29021532
27018893 27213402
24295508 24481016
65591962 65810452
70275863 70460313
105179911 105391821
25242334 25378404
27717420 27921119
47979631 48198734
38278068 38457064
