25883568 26222477
28408445 28589314
26577700 26764746
27417909 27609219
33310776 33489431
32551976 32730408
25554516 25733847
47407442 47596625
41057235 41162099
30584954 30732406
23730212 23911066
26279415 26451290
54684888 54874252
49453170 49565523
33328409 33484516
28210973 28388393
26732591 26916935
26448639 26617262
25561557 25708683
19991189 20119661
27465563 27650045
28336156 28542741
27513387 27684177
56083234 56189829
68943946 69111835
32828183 32981391
28748710 28933359
26012018 26154487
28304389 28479577
44174915 44356608
46361885 46485201
29232929 29421034
26122132 26311222
30297069 30460522
37413382 37545043
37899017 38019775
20340749 20501080
25257051 25424578
26056005 26191251
32603235 32768908
50668533 50784301
56708576 56884310
20453996 20641981
31914853 32061861
21766986 21890492
26797663 26915107
33075672 33217827
25520684 25678513
34026663 34160840
35416018 35555947
50930128 51096776
71216014 71381495
33327986 33470022
24632667 24817083
21964581 22121314
59396485 59527795
55907548 56046706
91456779 91617273
49713821 49848368
31266496 31397792
36394442 36592853
79051229 79208169
68530707 68636858
58447476 58591756
79525990 79673469
19529087 19726536
65197662 65389738
44779904 44908032
36420536 36553420
34095424 34216472
38901659 39086199
27733223 27902949
58102957 58201709
70437868 70601016
35523065 35678926
32405267 32616316
53727066 53840679
72296703 72462978
69264854 69429260
55565291 55693873
26466006 26613206
32969365 33144633
35276682 35429554
81880743 82010252
112373824 112467812
117747154 117868757
49586376 49737051
40293086 40433891
67976631 68100031
75083097 75238774
65771309 65914697
31145063 31290873
32600418 32829037
101631099 101764696
108834266 108938756
137259543 137436462
110061036 110245527
79968727 80095346
122167488 122295213
149775189 149958060
130477117 130578221
104110352 104214014
133581718 133699976
27703797 27896797
92867254 93013424
104821285 104999003
76944589 77044880
96807845 96924816
42198503 42363052
23982833 24161281
31225234 31404897
31462163 31655353
37570700 37714711
57701295 57804811
74977697 75140406
35090210 35228434
44622713 44848923
32045698 32228806
88112320 88233537
89537644 89696141
101677046 101779376
26688894 26857296
22441060 22628081
26743197 26934878
46725369 46868016
45968801 46070438
25450152 25656575
20206808 20369185
33349663 33548266
25449928 25572251
32306075 32477543
33235600 33374688
25784230 25920109
27112273 27285120
41783159 41937276
46892814 47046930
20873639 20999571
26609860 26762921
24480815 24609493
31576314 31760713
34111346 34233151
31596262 31724182
19973800 20130075
30131989 30306111
32886715 33134886
72180204 72396102
86856208 87011849
86974410 87077983
28594052 28741822
29179579 29331128
22247251 22436630
59683660 59833121
76560933 76671988
75058313 75240742
58390507 58501894
32946599 33144792
50737437 50904001
51697815 51819801
52194211 52315782
60975118 61124766
23221709 23425211
21798747 21965032
31799334 31975912
48780852 48918484
57016224 57184293
25826978 25975550
39425528 39625973
38900667 39083635
47102023 47266217
44214042 44351492
26686578 26862946
46130980 46250060
49997792 50159060
34557422 34683656
31284031 31409103
32649146 32820052
65549744 65673835
88804941 89002352
51217046 51341205
68697304 68818075
24178921 24333471
85990315 86111995
90371344 90585796
82574303 82759515
30673818 30847314
20810865 20977572
20666919 20835109
28972116 29101500
33344019 33497413
34132376 34334844
34960709 35090651
25330031 25487539
45921039 46080241
45979109 46112034
41875914 42079535
44169914 44312163
18444064 18586420
26326582 26518874
25456920 25663971
77042334 77236473
61410694 61535694
82506095 82642246
20560884 20713048
46422059 46581398
27596596 27773693
36396840 36534052
31391878 31524667
25940573 26085995
28439249 28626135
21115030 21307072
21501978 21651354
51957140 52100511
46579328 46691060
33064573 33231145
37482539 37668328
30274327 30409286
34042218 34214880
32889532 33085114
35383230 35563328
20932462 21072941
32631642 32758565
37336064 37478732
26259037 26409269
32441208 32601534
25125261 25271682
29458875 29587454
46417831 46651878
39449267 39571979
38911770 39052874
41788078 41911200
52502017 52648102
36690338 36851775
33456497 33606630
37485787 37668038
44363477 44495194
20189146 20310867
39243591 39381308
28511733 28628173
55516219 55639522
65697436 65846758
33881645 34029228
46580849 46754567
41795520 41970072
46613562 46788456
57196212 57353640
51594970 51713171
48360245 48528186
43399193 43531266
38618716 38783690
50653833 50793684
48636438 48745933
26156053 26278583
19376817 19524964
25401833 25578701
45392503 45536413
54695171 54818306
33782647 33901237
25881110 26010352
26212468 26376668
66282368 66451963
76359918 76519724
74123420 74238962
32588240 32735154
23864574 24044819
29092618 29251628
59327324 59548825
61851440 61975307
47080713 47190778
30631202 30751995
30849424 31058823
22604892 22754039
63499148 63644735
68262428 68377416
57718800 57837703
27127179 27285088
28802607 29018841
58385970 58553037
60062275 60240707
61804316 61939396
28202036 28371773
31662056 31856737
53869275 54057729
67366472 67533094
75855101 75996290
37194103 37381705
21121459 21332022
28412806 28603108
48484211 48605733
68165814 68333795
47476314 47664714
31347493 31552386
22306853 22523841
45341291 45588283
34126119 34320671
43368606 43511461
27425610 27665847
25093404 25300289
55607574 55812889
60541378 60652198
51643060 51840115
72392760 72542110
73893192 74064317
41759143 41892396
50743978 50963959
54542855 54674187
69549648 69757564
50561404 50726421
59232748 59432006
54041441 54165853
88495975 88665668
90807532 90905706
97778014 97964233
41468455 41661545
43461842 43629065
22607068 22819194
37511150 37637090
45460760 45584788
36562165 36685695
46613675 46812733
26231854 26429338
44328466 44784516
51602468 51744619
49205882 49406248
85271177 85461351
55882885 56008126
53295131 53464971
49960197 50072578
35300219 35462279
38073918 38220438
35909731 36030081
50583644 50760414
49669122 49773185
58410530 58601978
55286891 55398257
30631793 30822012
30152151 30311677
21893271 22030333
29399673 29520524
20323640 20486721
69763052 69897975
99777426 99903856
101208027 101372621
62932493 63070666
24448664 24603607
36992523 37172223
41619409 41723927
41923176 42035783
32998322 33110307
37657621 37821362
24537600 24697499
21480652 21623204
47598194 47770349
53188922 53287689
29937578 30055294
24185872 24400022
29581216 29733638
62400244 62527169
69765606 69972046
39502040 39673293
25127667 25301034
29532952 29693777
35387632 35564162
65289066 65440248
57272146 57387814
42517763 42627660
26564723 26772752
26266671 26452403
64352127 64538161
72615220 72737261
66605694 66725112
41859500 42034966
20381178 20560953
25030501 25229210
21749704 21921465
98520758 98735212
97920929 98034677
94398511 94516440
123625811 123751301
66908905 67067362
92124409 92369606
83987196 84159534
95524395 95620941
86044297 86155117
71580748 71728205
51622424 51799578
84530909 84674215
105362151 105513013
100478069 100597390
101552837 101651028
30112093 30330234
74484285 74691576
90291595 90400456
80798236 80903303
89219954 89403510
47621412 47802501
68662106 68862726
85815067 85945649
87783536 87905344
48766693 48912113
92696044 92808119
81677113 81816188
98000667 98174739
97843551 97965647
105319684 105419426
37088023 37301380
24285010 24415151
63807185 63941259
77847052 77942142
85524390 85658953
21506593 21693756
18140380 18266951
64326053 64445919
81150883 81286821
72317750 72424252
26055770 26175705
34236428 34367584
47537548 47708678
44510542 44622495
73882432 74008996
37155314 37265840
27313402 27430732
20173915 20349534
44980595 45121470
54652067 54770255
47658500 47801073
37375779 37482286
20676345 20858392
44748946 44899150
64130043 64252019
60157297 60273052
69091977 69207721
24822846 24999638
38611152 38768328
67135869 67261562
79943674 80055671
73178497 73286543
23889760 24060929
43961887 44170846
48786642 48935344
57617231 57803118
22788900 22906830
42589002 42779200
37872476 38050779
26557082 26736255
49567425 49688897
32925231 33080837
21808922 21946693
31629637 31729688
26601384 26769145
51102651 51261671
65522296 65623520
45798113 45922255
54346710 54477391
31522477 31666426
36071751 36182093
31437766 31542382
42946801 43041097
51600347 51751163
25031222 25136828
23934946 24059823
29765945 29889392
48045351 48229980
40190771 40302683
21616416 21723637
28352952 28471716
26220975 26352418
58260876 58379608
72723380 72886325
54717111 54841741
25746286 25866665
21068842 21193726
31819511 32017720
46751155 46865823
56220770 56390905
54334538 54655394
59136871 59363719
25550695 25738573
53969779 54108340
60242457 60355556
44377632 44522339
24738140 24864403
25041936 25213711
73521871 73687049
68876169 68994966
95059846 95181042
58794721 58918562
36630130 36773143
20475475 20670756
73615686 74057944
81520664 81701633
76193274 76304077
34024999 34157301
24502871 24650864
94258009 94457574
86963838 87070162
89366178 89475809
57130031 57238568
25217864 25348308
30511248 30721851
55528811 55651926
75521852 75636329
96096770 96214189
49305351 49431024
24941496 25159440
23687144 23825246
65952588 66078409
62413613 62519680
50011697 50111286
24018714 24215717
61060732 61180594
72386001 72550811
76919373 77044443
24106124 24233064
26282118 26412760
74239326 74351550
89187871 89394748
72772633 72874950
41802335 41930017
28748819 28874791
38143657 38327143
58764803 58899798
58525063 58628049
46424424 46557187
24277363 24407785
32943661 33146166
65656570 65791405
88264240 88388404
67886671 68011057
44424743 44540501
27734436 27941488
62321064 62486798
74665343 74812623
90320270 90433081
59381447 59487309
28142077 28278442
72948971 73168044
77817930 77958141
76025089 76150881
82230875 82455490
45120061 45243827
28895538 29129203
28049500 28224014
27556052 27689233
70531002 70668588
79888578 80067692
41384660 41539383
38995469 39125061
32127607 32249944
22261284 22450643
26162607 26273174
20239693 20402392
39478633 39673280
32768962 32931075
20511216 20739189
52661388 52814626
37153374 37280325
55381935 55582558
54022645 54135064
20500056 20665169
52010102 52182069
39299510 39476013
40691190 40896102
30704091 30869290
29795140 29971024
52575542 52821599
39965295 40120941
67466858 67605305
57983508 58103305
33125558 33260819
67391961 67514677
73553484 73725974
40664622 40841495
26210595 26368813
25380627 25513000
61073920 61268885
91052606 91220475
69148146 69295498
54749195 54878188
31196990 31330680
47582119 47805665
90053649 90269025
89960450 90081252
98159219 98258337
102416178 102516069
21713007 21859378
51563111 51736721
67456190 67629075
80902339 81107546
83456877 83549182
56994493 57112550
29104922 29298893
99147752 99288015
106832897 106998556
114366648 114472426
118428171 118524532
29502253 29642143
99734795 99857279
110428632 110585367
110727637 110832643
92605561 92708457
35431598 35564969
93627306 93795026
97365999 97454734
112640261 112799502
106300400 106398788
88521637 88635935
97860959 97982362
87429936 87537946
110796506 110960812
86760388 86869195
124948738 125054381
82582784 82767657
104230559 104348709
111938628 112032456
116716705 116809261
119430635 119528835
27641561 27825928
95130405 95270458
93091841 93195957
109381949 109511827
118975928 119082475
27369590 27519732
88733555 88922309
98478330 98631456
101956801 102142026
60687366 60812289
106551516 106656540
26956923 27151524
24850192 24972854
73830407 73964442
80934329 81042777
101249041 101361853
37536659 37719738
29937579 30074925
60160018 60324026
75961572 76062143
67627598 67731596
50584842 50724813
52953252 53051709
50290640 50425948
61743761 61937311
60278586 60402555
41088790 41265875
44890315 44998373
59950420 60084465
66986548 67086325
83736219 83913591
33555942 33672717
52496746 52643052
74782532 74907160
81150007 81359110
67978154 68084818
19847874 19958039
31504943 31655701
79917700 80097537
87345135 87470019
94869334 94984544
61892100 62022179
28231646 28349496
49513895 49643240
58514958 58685347
46516052 46632391
46549488 46684213
68989242 69101233
30909070 31087684
136223997 136407804
158905683 159090512
145076970 145195133
172504561 172600484
40913394 41127141
54033275 54147741
54316237 54441028
69403763 69548009
50208547 50311793
34447449 34621710
35596741 35719369
61225074 61342990
75025866 75211633
56099513 56230301
37725837 37934795
31453069 31604824
71150708 71276247
80490560 80678531
88218162 88319470
52590815 52726158
64310475 64429424
51159374 51344592
49512680 49618103
49854491 49978556
60074068 60210295
58470914 58576201
50471189 50675106
43593287 43778258
38487422 38650811
42627062 42838463
50464888 50896629
63839243 63960167
102288070 102478630
89881754 90029141
43652164 43812891
38551078 38685213
34054665 34292991
74029031 74156396
86093206 86272303
89136947 89229005
26125888 26272910
24909524 25097982
83007685 83126769
87057684 87167836
118617863 118718374
55325396 55485016
25654177 25821541
34851223 34986341
81436175 81602268
56490740 56620386
45050290 45196919
22302433 22523898
28659727 28872283
59007754 59181347
50257311 50396429
51502280 51630219
43997401 44196277
25221786 25420620
71582693 71760352
67422373 67536513
79531606 79634641
28270770 28400775
27278007 27487493
65130798 65334029
50885079 51052306
94200991 94303758
101924728 102040442
26164737 26404753
34817528 35009334
66240390 66415815
67485584 67597298
61721655 61837780
29818736 29986485
19198787 19396858
64671802 64887554
59070031 59225087
30848969 31047066
46228181 46462573
84615751 84767079
38594172 38759822
55650315 55801838
36302133 36495447
23266588 23459391
60562079 60683727
69620675 69783072
57820711 57927784
25887818 26057635
21829489 21990206
26063621 26227377
54217112 54343665
53137168 53263049
23562360 23728550
29661673 29826960
24329939 24472171
75267663 75456280
72388282 72503056
44627915 44755847
29128537 29262878
40450818 40591295
25125725 25284766
68459011 68569922
73444386 73584566
56053862 56184061
20953552 21068346
19165566 19331166
73243020 73431698
93593494 93692432
79608083 79739750
49446485 49584180
21745343 21930760
50193399 50384202
53739231 53826222
27374344 27577780
85561804 85717832
87365480 87534953
117898605 118081911
98654764 98749158
22565708 22764264
48246170 48458666
71256190 71414622
70567852 70720035
98503819 98620210
39798904 39934491
41340689 41533071
77486177 77660331
63767610 63895662
84405389 84552800
90210041 90569586
21410686 21621185
20596055 20762580
66693642 66856943
80622501 80741786
95585861 95711010
26805489 27015118
26118452 26306391
85982715 86138781
100824060 101016960
75938276 76090352
44293178 44487768
28588906 28793256
105957047 106246642
99566450 99726227
123139386 123232959
130041444 130451773
121154642 121494431
93084474 93229046
88054377 88177536
124855306 124963469
129816808 130011082
139894935 139997746
93081795 93470181
134131953 134226235
113762312 113893295
138082019 138244652
111256364 111356897
32082818 32317053
45236018 45382182
71695325 71889038
72404024 72833279
74173335 74286946
29186882 29386396
40864015 41066162
44529183 44650185
32527829 32662393
39895457 40047498
28515531 28745533
46368946 46554773
58451428 58588464
45598237 45741923
30187253 30345057
24984926 25145079
31147520 31327593
23547404 23689878
69346659 69492465
85638725 85844694
79909609 80013347
23279305 23432156
69560344 69751754
69904801 70021247
77541355 77636644
21965729 22097974
31870089 32026371
74671723 74867709
65039122 65143466
93724802 93828586
100164934 100282622
43953546 44082307
31440070 31629002
21719224 21857028
62813435 62936062
69131199 69291503
84541101 84666071
27729175 27941226
65467251 65663955
93712371 93838772
61486345 61620771
120909732 121073435
30895124 31034471
49782786 49998934
44639572 44767634
52782865 52914349
49236317 49372052
32938290 33064203
52486178 52660622
49845517 49952089
42723919 42843127
59955539 60086881
41640597 41750764
33612186 33798731
28772960 28923745
32136405 32338520
21963223 22168063
31870736 32085156
63876865 64019274
83575095 83683607
57903276 58010753
71969936 72139264
34841626 35034160
35624872 35794879
37611479 37741305
51716821 51837702
30604982 30720893
26966725 27108378
35440313 35630610
38896914 39025126
23600869 23707964
32064708 32192134
28968827 29108173
30862773 31059112
74687905 74827634
52062641 52176611
77164129 77313383
42857332 42963609
33618964 33789336
36980765 37109451
52235435 52368677
45703608 45832810
23621637 23741557
26901406 27074503
33246499 33410771
59002618 59149046
82825613 82929566
55211657 55337868
24808824 24974251
46938300 47111320
41153672 41294999
48973989 49169593
62632938 62734724
57605844 57730929
76369253 76483580
31655939 31795480
24217041 24374587
26728623 26870492
29550090 29664972
32085435 32226525
22847709 22982300
30629854 30812238
23727275 23842459
60411963 60571016
58840225 58947350
34789761 34929820
26174559 26313764
19959366 20079336
34851625 35021128
64081638 64216156
40168596 40301504
41336625 41521653
49926402 50049560
32140591 32324172
26643346 26773807
25689899 25802741
29940085 30082208
32219553 32347721
35072011 35207535
37345064 37467728
26453587 26609065
35031827 35207998
21690362 21836926
49946033 50138227
43626583 43728654
28809864 28919909
32556000 32685630
27146371 27294584
50099454 50262753
22998009 23152054
52758014 52884991
54089669 54248660
23477309 23605990
24082768 24209352
21366722 21488632
32191031 32339037
36043503 36178096
29022238 29157192
26380444 26513261
53119172 53237352
54090989 54228272
40346258 40466277
29013679 29162071
37231715 37452962
24659085 24838764
24894659 25009235
29649143 29764190
19004337 19188613
25030044 25163854
21573162 21703205
42243795 42382520
47394116 47495725
24491323 24672596
40448814 40609912
60279289 60432432
56673726 56770381
45439307 45541936
28377686 28515535
27319778 27481222
45540963 45669865
50161117 50262696
38546443 38656402
36085893 36195242
31225647 31408288
44727694 44865647
22040369 22156466
57273363 57467259
82563045 82660555
57683694 57820074
60145711 60267919
60865537 60973614
23674674 23854638
24865327 24981523
38484203 38586190
44540746 44639796
31683982 31808737
32711957 32899118
41422526 41548636
57114297 57233516
53160313 53272848
49362781 49465924
34985018 35162498
69414461 69548706
86138518 86278760
76859999 76988839
47786958 47936293
23879648 24054830
27137763 27269989
56942578 57089971
65212330 65365226
49458830 49578114
23384747 23573711
34709679 34928741
37666146 37794133
43195656 43338812
45141981 45268240
25274139 25422814
21190948 21386432
25604020 25726317
63292156 63440277
56027415 56134966
44040699 44161918
24817570 25015826
28662905 28840879
58284179 58443178
56904688 57014530
61603155 61722302
68229967 68412478
25162843 25307885
30090385 30231055
30265458 30395942
35614998 35789851
33145379 33298800
22377845 22536399
55741921 55901296
58953106 59069268
57602159 57762659
53122416 53242162
26730353 26916703
35007547 35440212
49853437 49996112
49657981 49774738
67984711 68141544
29594894 29717638
24292458 24481196
24577756 24708435
58819736 58925504
70883325 71071502
51131215 51236072
43543093 43709936
39627716 39754341
73735722 73852709
85614786 85800451
86731120 86834843
52060750 52200080
33340536 33442945
55479919 55608743
64008071 64183933
59592517 59754106
66635710 66860617
74853140 74974309
71511232 71661038
97987697 98132433
80133332 80232603
19893300 20092392
31557015 31713599
55722656 55826443
65431309 65571040
76144722 76290223
27139887 27297813
27167274 27304572
39940798 40120366
68259127 68379410
83538726 83650098
89771577 89884008
35347817 35466446
29021241 29201542
52588766 52725192
56537150 56640616
62371371 62565237
54241450 54355351
28276679 28434115
38076613 38190953
58915179 59063289
39836211 40005448
44152513 44250288
31618707 31755947
35428280 35575908
41075021 41183466
50983727 51414943
52569523 52701259
26771215 27002855
30660613 30859208
55267298 55440120
65007580 65121551
25922473 26100860
25017080 25245960
69306163 69497129
66734169 66887511
69037603 69162529
24762682 24896875
30788325 30962757
57169084 57341276
73728612 73851579
87956976 88070602
95229772 95372733
31908392 32032628
30872903 31081741
28513666 28650365
68120503 68247917
69690933 70032541
51836783 51945621
25565341 25749974
74835506 74955493
129075521 129263474
94648412 94802998
91434377 91546296
55122403 55266054
25708794 25895949
80617709 80753940
69628222 69744604
122194289 122352680
61906140 62126639
30563512 30733504
29124268 29286511
71807311 71928459
76803415 76983507
80588830 80690419
22963042 23091583
39674075 39849297
40993793 41101581
81046633 81167302
76806229 76918866
83899653 84061680
42127174 42270410
55649785 55820575
71840067 72070475
79854158 79952232
77040261 77138152
42905303 43069254
35214960 35358673
58111592 58248593
71940376 72321318
80983707 81157518
33805174 33978961
19648057 19777875
34181797 34354961
36935152 37059763
54819998 54946280
50676566 50811090
49282344 49408656
31861225 32060323
20249989 20403075
27224300 27392392
29935690 30070348
30271518 30408165
25874915 26056408
54769206 54938975
43812894 43927068
31265848 31472767
52467459 52600587
53197486 53407797
31997295 32156900
27247084 27432455
20059958 20227444
32162061 32298039
65714605 65900523
67080670 67186503
61770795 61866366
54729510 54859213
62200314 62586091
84855758 85000490
90815660 90926033
93022725 93178926
37308920 37454034
39508157 39615761
25917628 26076935
54585494 54765238
56803343 56893769
18236864 18373666
20215219 20363974
31537481 31667768
36320776 36478418
34392851 34530967
48098815 48207151
30485146 30611399
26211227 26394125
28946359 29150728
26224289 26333629
35104979 35233036
44589796 44729570
21634430 21756427
53145572 53334518
54387879 54485514
32882754 33015001
31071959 31180900
30479201 30596905
27152749 27367598
65313077 65441636
76041890 76198605
95110953 95458787
26606234 26791895
35919487 36063302
45441154 45606049
51632895 51745764
49951588 50083912
25754509 25886146
29275099 29415752
58861321 59045649
61504807 61648656
46931865 47106591
48963630 49096632
37656777 37798632
20838885 21032821
79603684 79744165
75472884 75581795
54801572 54926275
79044847 79161945
25636070 25835080
27465458 27613349
56616336 56793525
75077657 75212061
78753067 78906797
43306322 43493032
34115834 34310651
72222616 72416957
77263183 77374365
56652294 56791025
25863350 26003486
24379782 24508773
28627601 28816587
19875617 20004384
68013790 68134319
75454129 75556748
77360256 77565932
22333836 22460594
25828929 26031964
63732955 63872478
73653260 73787732
48293044 48418457
46050147 46177081
25317361 25503836
30788554 30960795
48049802 48197208
48852354 48964900
49873836 49995810
32952996 33143893
26807319 27009947
20125631 20269223
50253643 50399589
58280746 58487005
29125426 29347419
52821126 53036373
41967351 42157968
42973751 43140093
50872293 51030410
33313145 33491522
36066879 36260616
22232449 22385690
46976828 47183359
45417583 45524952
23777122 23934539
41972861 42174543
45077885 45201282
83542484 83671907
88037095 88208475
61316210 61493802
19492854 19679917
27076862 27273660
31702916 31892180
26222390 26404644
20119304 20300097
28665146 28842246
32411588 32577346
48899654 49034647
36691930 36814092
28429729 28626231
37700096 37890402
22913353 23084428
37549482 37723256
30987982 31095926
18742361 18944704
45347637 45547994
40677106 40797933
59161605 59327581
59683315 59809891
20003135 20181900
52625575 52808412
49728319 49861184
31152433 31321477
35208861 35327525
28923345 29073223
21880792 22095774
29020570 29174409
27287234 27492779
24419206 24583552
23630026 23781599
40286734 40498174
29003423 29198241
20209342 20367485
49106932 49282017
45623426 45759211
23856840 24039098
30971445 31150053
19984091 20171160
71809321 71961121
78555361 78741247
90497692 90639746
46890832 47027184
50506707 50666933
42716723 42896975
46411116 46606453
44620456 44742626
47575487 47770321
48922364 49029900
27341584 27526391
53892609 54022474
59657891 59849009
55627582 55772930
58509461 58656750
32432534 32633579
28684006 28991794
25328278 25499375
32203764 32393672
29600426 29785024
26884635 26997338
26122344 26328658
31709409 31906649
47367462 47545997
45596938 45711385
25087164 25250328
32071625 32242980
31761416 31896702
27783512 27922642
32849365 32953153
25771079 25939248
48098256 48297307
50822581 50930043
67510547 67652722
57923900 58036974
32229312 32360644
27409530 27556631
31247276 31462292
23042745 23189392
25964181 26138458
25827871 25984529
44813995 44997302
42771194 42920384
36170183 36297033
48907553 49074278
28487559 28630639
21714084 21864810
42873860 42990664
48244339 48460430
54242514 54393210
46190068 46329097
27244463 27479014
56310189 56440474
65173824 65341721
30842526 30998561
24229832 24423910
27192627 27321490
30413453 30558871
44816549 45009604
38581619 38696777
65065554 65222677
44781767 44935731
31049959 31172830
38225581 38432241
33544337 33670532
35687225 35834968
48121988 48277154
59703641 59816272
26433300 26630333
31617484 31752278
22679523 22795359
41149526 41330943
43490140 43633580
27140212 27312046
29756673 29884303
28018986 28149027
41481392 41661436
44984384 45124831
48110421 48240350
67642616 67803060
44157265 44286120
34653781 34833596
62219478 62351084
53972313 54092118
57881648 58028828
46792238 46919704
33210912 33385836
33126499 33278982
36598231 36742181
57305967 57454702
54000672 54105088
20501973 20682647
51396395 51527323
70492799 70712847
56708527 56841569
37925925 38052504
29914334 30121585
32483777 32686481
28065986 28196642
68774995 68894605
72885739 73038083
43546287 43658430
46625014 46807455
29689165 29847982
67195873 67354599
64267257 64400692
67944557 68073123
33152837 33307170
28746415 28887780
88332389 88579821
94704530 94802431
77127631 77256600
119777635 119886308
41618624 41735330
28261409 28442882
64397255 64517790
77611022 77726069
88777224 88879513
37891666 38062196
101280836 101467556
102438859 102580078
89271842 89377150
118069197 118181541
85646511 85760817
29404439 29580893
29147431 29298360
23013386 23183384
73760464 73878257
82956086 83084834
78192441 78324242
57508375 57624034
28531451 28705678
25919826 26036235
64411499 64557882
79176471 79311835
73103621 73205322
28781940 28932725
26300198 26430837
24237026 24424989
38111321 38253024
36678875 36804345
40869220 41028820
37315397 37474240
22552125 22740838
44810383 44959054
39510853 39638233
40605200 40722868
47777759 47962523
22380460 22540386
47366058 47528466
27615524 27771387
53177307 53342860
49769768 49876166
31599236 31759798
32451236 32623070
33851720 33999639
24762972 24944122
32890590 33031062
25431350 25598351
24157436 24303841
48090831 48248506
62301918 62481760
57689293 57812887
48128045 48276731
60011038 60399358
26139138 26322949
56635835 56779111
79537308 79645333
64203843 64373112
93384160 93501190
29308562 29466716
45605736 45762066
55586775 55696381
60154653 60260626
67012122 67120362
23507483 23641481
48277785 48464065
42752522 42933678
43759527 44098318
51705653 52103157
32376963 32510551
44204343 44330488
50674609 50819672
58679073 58815574
52956595 53130853
23065575 23215268
53344816 53472048
67121287 67333946
48603592 48761837
44964135 45069747
23958832 24127660
105553026 105729163
85297125 85407348
71669748 71792782
109089128 109203439
40720766 40858638
65965651 66090968
71194681 71311751
83673571 83921094
26036045 26219046
21156470 21314098
25264390 25872233
43126517 43499901
49827887 49939132
22133332 22306044
36475655 36596253
22205868 22357553
27996640 28146237
20496844 20615997
28825865 29002439
24037807 24186071
23783885 23909908
35384735 35524843
31306080 31452108
32351577 32588158
31576897 31770297
35778406 35900297
30208546 30354111
38314785 38470697
34499770 34662497
34168765 34417229
44709076 44861930
46553069 46650843
29529360 29669800
21942022 22067637
29955833 30141275
40754088 40904941
26788393 26913069
24988576 25150398
23549886 23702846
33422994 33638139
81720658 81912806
64384994 64521172
56639715 56746373
24632466 24833196
21588173 21755917
25151291 25344909
24429239 24595831
30042270 30190612
27088992 27254991
29457692 29606307
22616108 22792118
56559939 56687244
32927861 33052507
56860791 57003412
60206353 60359457
31597265 31734172
33872945 34092685
35078567 35251605
31073901 31250592
33952430 34076518
19083581 19214492
25383817 25563253
30862446 31026532
35576926 35710677
32939468 33100474
19318158 19467519
30453207 30628963
24467844 24617561
41716127 41921002
53019678 53191785
38395782 38537460
24565617 24738334
30841407 30970615
20263821 20444800
37209278 37342033
34739049 34846447
23331172 23477443
27738240 27878068
24696963 24875410
44157758 44289573
49772279 49906777
26239280 26383447
26218714 26372260
33537353 33733049
35759024 35936022
42101959 42269157
32038265 32200575
26129526 26254925
25141236 25301585
33711882 33896622
55717153 55848840
66176546 66293108
53396305 53513082
23772824 23928553
55900089 56086531
67090399 67238649
62365652 62479179
69909472 70034094
37474248 37594485
22655795 22840110
38117396 38261303
53034394 53185162
55579209 55702964
43800362 43926650
31527487 31706661
31459574 31613642
30796848 30945599
51591870 51724749
54951692 55070605
33284965 33502063
22896363 23011038
30660124 30862448
43944173 44089598
41419369 41527762
24810531 24945915
20610888 20763071
22560520 22724233
29885232 30031562
35238670 35369240
28721251 28846455
26743840 26865504
34036871 34256768
54027468 54157592
61994841 62185775
52875749 53020208
53493103 53701883
62146468 62346450
63249615 63367308
78568393 78713127
74114781 74224617
78148248 78298508
58164899 58360092
48558960 48686107
22601903 22781965
52723925 52930918
55066883 55186281
45081231 45279735
43933072 44054087
22202380 22367454
42717948 42904073
34327392 34509756
71220996 71360477
75610349 75792001
59839556 60044609
49776922 49969975
45550543 45747304
27211151 27381458
23860072 24048720
32324020 32475216
29392738 29607510
34605150 34792430
47974310 48179707
40900978 41092459
24652505 24855407
22702595 22918279
27045742 27203069
50992294 51176830
43077978 43253989
53199219 53352643
54630150 54796231
36183656 36376615
23115565 23302649
27584412 27770071
24204254 24384622
49105847 49294544
68384451 68542237
71509470 71614363
25003140 25192381
30470647 30620954
22878987 23066163
54869574 55040510
55155877 55252277
29054169 29205102
24930326 25081788
54380450 54570576
42755582 42946668
50441476 50590535
32375510 32502103
32859641 33051470
47297017 47485473
86603923 86813763
81514590 81700328
110166631 110288237
22833619 22974213
30392073 30586494
25822233 25999566
61398445 61521172
77482229 77606898
40311142 40466207
30390023 30581584
25816332 26002271
74288700 74440761
86250927 86423893
75618748 75713096
37288547 37490203
29478524 29675561
24882914 25082724
32170492 32347929
28331835 28531671
81616502 81739807
82136345 82243746
90382277 90534527
40965519 41146920
20221125 20431171
99316114 99437901
102965147 103071266
106252337 106662248
89001206 89169926
45657688 45806878
23284206 23480366
100630607 101034178
107658389 108252280
108330006 108430647
74891779 75046509
20717100 20922971
108132821 108274101
97356645 97463577
106578600 106702010
122510171 122672335
22434891 22619017
65579216 65767546
79482098 79640586
62360685 62532200
83701020 83809354
39801992 39964551
84440673 84562136
93368500 93507270
106275178 106377712
111308380 111474912
26109863 26313636
87602501 87813250
90656808 90795260
97445229 97599237
95283558 95387534
21124710 21308087
79027677 79227012
95022522 95174723
101479125 101620825
95048733 95152622
28062565 28239324
38735582 38930962
49576945 49719323
70263065 70391150
61081086 61187820
51958069 52121611
28986297 29180871
39459251 39596719
59550173 59686933
61624875 61759829
46743024 46923634
34095495 34342212
27761703 27928986
33913312 34053418
51181392 51300603
36869606 36977681
47548080 47706153
28410537 28568978
28093186 28215737
38704801 38839427
44089262 44201431
31455335 31649453
23700819 23857606
33054701 33246745
24380356 24565784
26295911 26450465
42058341 42257108
47928970 48065738
31386301 31531698
24637404 24811609
22774478 22901240
56670322 56809710
68097971 68293981
41106996 41241261
29045727 29214725
28011095 28144383
40524419 40699694
38203444 38328923
27620325 27759460
31129946 31325920
27261460 27400736
22372787 22553267
54615592 54725639
59238970 59377716
51454814 51595780
59411868 59546391
31940931 32139387
44303447 44489716
54582843 54684059
34657664 34802329
30190310 30334012
29395102 29568032
22921616 23075037
35273652 35428325
56075339 56244488
42260500 42421473
27907065 28080426
61092333 61209702
78532728 78647156
81848618 82021084
29068857 29226073
19679727 19854177
27168289 27285797
49531217 49645796
85221617 85346987
44886322 45031102
22332118 22510867
27643733 27782466
31816671 31948780
37317531 37444661
24554802 24692748
41011753 41193250
30003238 30146272
28728289 28934026
61161074 61345671
69137607 69256990
30796066 30962817
73154356 73292551
70138178 70322486
43507669 43620471
53230840 53369111
41561408 41719254
25521892 25672615
48733666 48944045
26235441 26452267
60274673 60388814
66893269 67052065
39786527 39955743
38333875 38506395
31675563 31838425
53177438 53343098
53097039 53201772
64201163 64310472
61260101 61404471
65477637 65648003
69713318 69863123
73589203 73689479
81557346 81694074
47427057 47616365
33213914 33357392
54616629 54798513
60716820 60873292
59027960 59142617
53543511 53733741
44288996 44427157
64270888 64398643
70646284 70824868
57914975 58023841
37232625 37394732
27975969 28130849
54197835 54396153
73760807 73935936
104712188 104816181
61061524 61191468
77446857 77574403
26851049 27059590
63757420 63970326
67741781 67861977
69030247 69152835
60199041 60314099
22329041 22514868
20373711 20553399
86241246 86347295
92504436 92598215
94945629 95126556
35858404 36033627
28957605 29138271
56447206 56618142
60093480 60186035
49395544 49579331
46826752 46946694
29925226 30120804
28205565 28346933
44816825 44990045
32535023 32696779
27809357 27942825
30271444 30413837
49214318 49374056
26951978 27129979
32196287 32368815
30101535 30264353
21385474 21560773
21527164 21690779
31290706 31501728
64957806 65092707
78069438 78213131
54887418 55012062
28550542 28762647
31595633 31799003
50534688 50712667
58242160 58374076
32782362 32940837
30804785 30986538
32487979 32682013
48895254 49027910
70875621 71011175
82279015 82435106
20119411 20272139
26950004 27144549
81807139 81952162
89846231 90010208
82827322 82934426
41867904 42035602
28614997 28782858
28765920 28966436
116777065 116957349
121504929 121601609
122582923 122690111
134136871 134309106
42688134 42829033
61362051 61554893
108858607 108979459
114947737 115143325
93029712 93186788
76112389 76244412
32514719 32694896
37690319 37874799
87358566 87476226
97775189 97868821
98730610 98926703
23049145 23235879
27446442 27598916
106066310 106231566
107797362 107894775
114687030 114821592
57819387 57953780
35445037 35553305
90692063 90821087
107742694 107858156
90722010 90853690
118267324 118381545
146792420 146955720
100240677 100356830
76615648 76720256
121238326 121338901
127771296 127950165
93040466 93163078
111871670 112153273
112531202 112639637
117469160 117696693
133379474 133560081
128863213 128953487
131141744 131269638
120816537 120925397
139175120 139339410
134194177 134330397
137834281 137949144
94455401 94658127
89246044 89358401
90327595 90441645
91045549 91152080
96118444 96307360
49868381 50044285
44206668 44316285
99565078 99751276
102523959 102625861
93654096 93769797
60430409 60610417
57804428 57936119
24991190 25134533
56754717 57120662
58490648 58602522
48431897 48567756
56080761 56225649
25682875 25865809
44334284 44502403
72668724 72857584
35452833 35569022
54210864 54392144
27488283 27682835
64234184 64459466
60484879 60599721
68703954 68890346
84018755 84150669
70087041 70246388
42573520 42796307
46008025 46160599
34860531 35028113
39213659 39374919
28952650 29143797
59969012 60168092
59966439 60145432
45484867 45660940
47836235 48015578
34099101 34268158
41696286 41895499
62020680 62178346
35704540 35861875
43658094 43842525
50809327 50911247
95044080 95262454
96326585 96426652
98705554 98860207
93737711 93864514
32421203 32552049
27984379 28218656
28513659 28637982
30983089 31118265
46800655 46912436
53545700 53691736
39695426 39876368
29768490 29921215
84463788 84651921
77545293 77682761
69764946 69907367
35210877 35371440
28962143 29157388
69420920 69547312
79624171 79777943
87349530 87444129
47227298 47608156
51416660 51547225
64192124 64384427
69725456 69849691
59829642 59946553
46939606 47086520
44627339 44727133
55897214 56068122
60967907 61125075
86655078 86821233
48871104 48996598
57170943 57284321
38999987 39121206
53830874 54006973
47656950 47779448
67712705 67821655
84961566 85105268
27658201 27843173
48448913 48556867
51796423 51976680
26818840 26969030
36542986 36687463
42488983 42652590
58650774 58841930
69058364 69162161
30148448 30318949
27172853 27306729
28507902 28684508
58165674 58306270
81228415 81367808
60348799 60502400
44953897 45125484
29589040 29805083
52593845 52785057
54224192 54379341
56261253 56366189
32550885 32683890
30900935 31085879
35049850 35244401
51211952 51327280
73340653 73502235
43514811 43636808
27082787 27235912
28010871 28218827
52848956 53040619
65624660 66043078
70369823 70523474
39052355 39206311
35443564 35629051
48469783 48649661
69854386 69998212
75186757 75342464
59340535 59454449
26061461 26225947
32489092 32692612
45757561 45975778
46618991 46725917
31131895 31378541
58301676 58501023
56070155 56191950
44735523 44937036
52079694 52229704
23275035 23476638
22483116 22696060
41979441 42150741
64496175 64677412
49440004 49614878
50312329 50523274
28418973 28595931
64974545 65135780
82957850 83099783
68745691 68907959
32006611 32198789
24442740 24600112
30009529 30218831
38204372 38321721
32202936 32318556
29338962 29496969
23795997 23965612
20694424 20863177
58530229 58700510
55501048 55659211
43025656 43142419
32589724 32750590
26540930 26752297
45056723 45230957
67203140 67347723
115350052 115548759
85761544 85912485
38856405 39027852
54882466 55077314
56183524 56293850
32333662 32511075
100553218 100724453
100328892 100467334
89713765 89852014
90251236 90356933
31806706 31947519
42471234 42652746
76644674 76751449
94353987 94516175
91913055 92046852
60985116 61121470
32781416 32964368
26606439 26760080
83964837 84119079
87782415 87900899
92265319 92366444
26752220 26927998
32874743 33057575
62190642 62337726
76689773 76844617
56145407 56263675
32257568 32400065
23861060 24027984
76139045 76331001
78476826 78617737
111437160 111562124
83509767 83638945
50208014 50332975
20355021 20543872
81770546 82037772
105676184 105794064
107537750 107709503
89280625 89480694
23897382 24021518
104348640 104491313
117417150 117592723
137890372 138058120
111017211 111123145
127821299 127919659
78080340 78308806
102241811 102441444
95089279 95198126
112521291 112625187
121337032 121478469
95223487 95443293
108933484 109056578
123243864 123377403
141354622 141462761
120978020 121085834
23166655 23372348
61150363 61290742
101389318 101528176
92829488 93013021
80101204 80218537
26714934 26931699
36120891 36287210
37959256 38114778
47664701 47785998
35392596 35530763
35315629 35510147
25806447 25972447
32956433 33146933
57255371 57458309
64860921 64963240
25854374 26056406
19002422 19203042
49408883 49544679
55782989 55957682
27132346 27306052
24483975 24633631
26914450 27114253
114304288 114504099
121104519 121278623
91096904 91301813
132224063 132367873
28544306 28693351
71504463 71692302
80167161 80271142
62206017 62385468
71783207 71925812
45408619 45555478
29786904 29994191
58660073 58837042
52953233 53070009
41859727 42000281
46873138 46985621
31495688 31702930
31318210 31499387
55179065 55295303
71555961 71731289
48582765 48722189
31682609 31893055
33604008 33783127
63360072 63563747
64833189 64988959
78927739 79028285
31413432 31570870
22054739 22212021
33205114 33406991
26402586 26587138
28681644 28827871
30090022 30289216
57638228 57758274
65582976 65741474
59182300 59385014
49228268 49369530
32666366 32889236
48656270 48850642
52285004 52446077
44029236 44157864
27827153 27954696
27344841 27525594
26134191 26292544
40547897 40687146
43442951 43552627
35942484 36086117
50484842 50676341
41560117 41674688
26346239 26488655
35142700 35304911
31422884 31559204
51923481 52126745
49000805 49143732
37693763 37871051
44827848 45005472
35163930 35320962
46647364 46852008
38472647 38656968
39447787 39649538
55112724 55267424
46953228 47092181
27109382 27304650
40752706 40985363
35393797 35501193
37682384 37894017
25949667 26149344
49969091 50113358
45805635 45934526
25794144 25951675
28173084 28341184
32054038 32220893
44179513 44310024
43738834 43853549
22244726 22403513
33589674 33760100
29830280 29991418
34572462 34736017
27862304 28061198
30744757 30883908
43579753 43763948
36151106 36341961
26877894 27021337
43609353 43773632
34098171 34281054
35794405 35964253
26771622 26913950
30459544 30627123
29232454 29408385
28658408 28832497
23669322 23841444
24824772 24974857
26666582 26834527
33967846 34142846
22128024 22292636
32279662 32423777
37595599 37743605
25236492 25376542
34493613 34619119
34391110 34510582
24355953 24528100
38870397 39045404
23640705 23791473
34391153 34598403
28898097 29037508
22262477 22456569
29008478 29198701
63218210 63355915
83359908 83475375
67780084 67896171
20317238 20465344
23404836 23577892
32103110 32231348
30499293 30640190
26388145 26524864
26013219 26166261
36226459 36402162
29835402 29985075
26978496 27107552
53169785 53319656
50854207 50981382
170462134 170612918
154051258 154226169
195696495 198624977
114148262 114320998
68384029 68580899
34748339 34923138
30971399 31096280
83533952 83699862
84868642 84967377
71335159 71435879
29049245 29180432
31737732 31888964
70501065 70693319
77438583 77563059
78729235 78857167
55661950 55788033
25957147 26074541
49799608 49970286
58396877 58582608
29033618 29219378
40381703 40523214
41760109 41880030
37471072 37583363
30492124 30622351
34012237 34180499
20099365 20219661
37796731 37920232
35627427 35773877
24451234 24585349
52662707 52846685
43156344 43259931
41630794 41829005
66765997 66874496
47165433 47285218
38591329 38768333
43347423 43470268
26899806 27053091
33770485 33903878
28720182 28846627
42819208 43018223
32513658 32681550
24593957 24738086
34292353 34456868
36867384 36999468
32865107 33023643
34406219 34581913
22298896 22469797
47458955 47649336
39951909 40132376
26147771 26308872
24035367 24215956
39681305 39901334
86860404 87003699
122409465 122598791
97307778 97444383
65620147 65807286
27660977 27855477
29564912 29763302
39350529 39504455
40168097 40318200
24442797 24641487
29669522 29843536
40480863 40642182
42967342 43082565
28565801 28711392
27485980 27585692
25929284 26065221
42792535 42952013
44966477 45081673
42430137 42559499
66418781 66559811
32418620 32565388
65047371 65237617
66335263 66436345
71294863 71414967
78052967 78209785
52294966 52449143
34186494 34384275
20071842 20196931
83556825 83769164
61920029 62016049
71077177 71233860
41187700 41371428
28689709 28828602
94563996 94790674
90228709 90337549
107658341 107753115
59381699 59547683
42238380 42345300
94299414 94496010
97151068 97252406
104540900 104644870
76559601 76688574
27152885 27325236
78426733 78555415
101757341 101896275
104028688 104121595
77706141 77829667
34147184 34349944
85501531 85619501
94033021 94137826
98261791 98394939
110454385 110597315
35110006 35277673
64575354 64817876
54991589 55117010
44755340 44863444
60587927 60694343
24844412 25015432
37637570 37805201
69925346 70088653
70514876 70663683
85314760 85423555
44560121 44705762
27453023 27617074
71835542 71964658
83895739 84056131
74405115 74513562
26532396 26712405
33393264 33524777
24974803 25166354
48845109 48989690
84271295 84387813
34285817 34433946
33306450 33441481
28924503 29129165
34095204 34264701
55927096 56064810
44795039 44913699
27661498 27849862
27673480 27847663
76801859 77005261
69669338 69784710
106774405 106895054
40825323 40967590
34869886 35028950
85922994 86033862
107561463 107660616
115332612 115554936
78220168 78347478
28411668 28558861
84102724 84327262
123065551 123177118
93307030 93421694
113352837 113478805
68722960 68832368
22695397 22893207
51335328 51471765
67345446 67479730
57644157 58040913
65544838 65674938
30885699 31076118
38194996 38360693
35588075 35699986
52995569 53114999
49815718 49954838
39938104 40110493
21034754 21228200
107195046 107311871
115706851 115805399
121215557 121464357
123741784 123826839
45635705 45806686
39807538 39990471
47797975 47952661
68163878 68301327
75053857 75206694
43530600 43669046
38930373 39107139
48403612 48578272
67715879 67833550
66434969 66537575
72744473 72901557
26375329 26556442
29103593 29245978
86525563 86664369
87020742 87115742
93626948 93806168
23583328 23821262
24880815 25012524
58871408 59067325
89038460 89192434
107760593 107866821
82489958 82635661
49436370 49594764
48528419 48735296
54770414 54879257
58984656 59120845
49611834 49730090
40645147 40833614
45258741 45448390
43220414 43343737
26897928 27044353
39206862 39394238
44733323 44836981
45299445 45419339
46869028 47030358
46082701 46211249
49488888 49649033
33488315 33657152
49951775 50087441
60155263 60287082
49722749 49924135
36315734 36461447
41355097 41474139
47292406 47427802
48116804 48276820
25999077 26176843
34804256 34961201
36171319 36297682
23504059 23654337
42126226 42271540
38881277 38984099
38169691 38301589
32169704 32274184
20275972 20428603
35476047 35594133
67773181 67937612
46331581 46441153
48440068 48553138
27427783 27616082
24624223 24822753
52672003 52807195
72466366 72581588
74907686 75021259
35531866 35673178
29798202 29973411
53578897 53744825
54576689 54679587
32218262 32375810
23321963 23495358
78195408 78356439
87940907 88135626
84101403 84427462
26776812 26927157
30956514 31126747
70072598 70309258
59050694 59234666
36437098 36571519
24233043 24352503
24964218 25097386
36456624 36629007
63507648 63630669
44003866 44119568
31907390 32023593
33880453 34003366
26947210 27116790
33739628 33861540
35145250 35291602
39709849 39829763
43670650 43794189
26120265 26279439
31960002 32100617
29891947 30047881
46120790 46268296
51117769 51258610
26637034 26835754
29050709 29235698
22225461 22404451
31275249 31460468
28529508 28675305
24253145 24419946
22434070 22553316
30121450 30280949
30783309 30983601
87875034 88074847
87943374 88030484
110604860 110706674
53689098 53855821
54049863 54142709
55194991 55406070
96342847 96467970
97596430 97709578
61326382 61442223
47363799 47511141
34354768 34541758
40899171 41043350
33384201 33496905
53599664 53723642
55130986 55243314
30340086 30528989
24285432 24438021
31804950 31955695
42078475 42178665
48290663 48457794
21462966 21643476
27582929 27738400
33564622 33690881
36103159 36270154
22981030 23146193
28135803 28274878
18786406 18923233
25941899 26054901
45246293 45401143
38043175 38222027
25912506 26087731
26102107 26281874
31240289 31369503
44575157 44734777
37531602 37665229
23180415 23337746
58231224 58437954
47110880 47275973
30928969 31126858
44476463 44607334
59446271 59648716
33684695 33889705
38798608 38995188
40682361 40846739
26960531 27118385
26666732 26837156
24331871 24517232
34602821 34753397
23320494 23493030
31261633 31438071
29793727 29987492
40265155 40439408
35775627 35963258
34649760 34845550
29080301 29269663
27822317 27970603
19594067 19794936
24013995 24179419
18902388 19108434
26520853 26680067
31683771 31862794
45906953 46098115
41340864 41507651
31066382 31237114
23864861 24038507
24445328 24640226
20792764 20984288
32880264 33055577
30738292 30912466
40986033 41165461
35742745 35914931
35517445 35728146
27091272 27270853
28706530 28845466
47476564 47707771
49098040 49189829
52818380 52932769
56502632 56685786
36706246 36908268
62598132 62799926
57226627 57339151
49713472 49899156
41974226 42107134
31090550 31279167
72524793 72667069
84087932 84222839
35002539 35113062
43551656 43721127
30146443 30338991
29088419 29264638
