59627095 60136957
29323544 29537592
31335487 31519722
25285245 25466221
26871008 27033448
32054519 32230856
49230075 49425414
62555594 62684839
87042940 87241281
92927886 93016936
98058910 98199909
72319493 72502432
55779807 55920833
95000075 95151428
82228258 82394127
68484781 68653318
47853615 48020055
105421116 105575008
105214731 105364985
144771153 144929895
147046078 147197294
188991583 189146485
112734201 112872229
176401627 176551451
155753748 155872228
170042868 170223755
115906977 116089606
75475888 75658517
83548708 83693436
37907963 38064524
27615222 27807064
70483140 70670232
91069421 91193784
126964649 127154234
139548329 139710439
149667180 149838529
168205263 168331307
108036852 108159598
119738137 119910051
115794293 115927575
104927726 105109274
27679947 27841528
28986224 29141786
31777660 31940535
123214001 123406565
184773696 184919820
199250491 199422183
171437291 171573703
192649930 192765512
209474769 209672857
226252161 226341909
151556417 151729712
143826091 143999483
221494097 221653954
26983515 27133294
23968484 24206667
50244982 50424590
102523503 102657407
173053499 173239783
162164947 162273785
121320208 121449866
201785391 201896295
145919028 146029030
169631178 169791485
86178972 86322911
134748123 134874889
49042775 49192019
32772492 32947739
53184530 53327861
127531587 127661830
140398663 140538006
180018129 180135689
162456926 162587278
220079681 220176370
164714363 164843049
231813799 231972173
257173023 257309951
175773743 175919638
146583393 146720518
150571879 150735433
313188657 313374886
271982625 272108301
435941333 436111550
287963036 288124079
447844711 447961393
368117056 368236529
467909869 468052727
438620204 438751194
462695384 462823673
95421966 95582784
140128027 140249516
318129059 318283223
115174420 115325348
118614459 118743751
161829494 161976045
195850114 195978138
172942760 173056689
207493843 207690273
131585185 131749664
182630455 182797707
140969883 141107080
149119813 149227268
38211959 38365293
63612612 63752102
31205869 31340492
129589134 129730601
157704820 157833864
179749722 179850683
150152590 150290912
144068102 144157698
148234424 148338563
161595145 161729960
76524535 76643374
132006836 132134619
95607100 95737924
31770257 31928121
73690411 73854732
187651820 187763853
191060620 191162915
195945465 196074113
145862075 146007751
190240282 190374006
233942287 234050528
156674987 156771820
198470163 198615849
104831249 104971202
68576249 68701165
140354072 140472353
125123859 125290535
190808300 190958052
142514148 142631161
156669038 156798739
256193529 256294994
199665127 199749058
202071264 202159811
219554052 219717346
26547078 26758437
51815608 51973814
51162721 51324387
48711819 48834527
27548023 27671533
145244406 145383476
144480190 144691779
180668438 180784241
189791907 189903260
214510401 214604648
156424720 156572384
106778446 106882970
150778527 150905847
126906954 127042232
110552704 110651668
102189795 102295162
117776199 117886570
162546528 162684574
196356552 196514238
185401303 185546199
219189103 219286693
129333543 129436562
142484789 142593360
149127214 149243477
156958586 157048798
28477302 28636305
25680542 25810714
42382218 42533929
101261084 101387776
162963763 163068563
175292058 175442352
178192314 178311856
126190919 126340584
189797011 189927378
263321714 263459250
259403580 259504168
172079625 172238636
142157428 142305120
64669480 64841283
81367045 81527346
115825439 115948466
106592001 106724240
115216934 115316637
123407634 123548551
141893864 142013882
146021796 146117722
128705410 128872592
170978885 171120916
127621162 127744622
37165979 37303349
35347099 35502994
33575341 33722523
158127072 158254716
165867223 166007112
132212209 132350924
176297956 176407484
173050011 173200017
149756319 149913920
88293768 88445384
226681714 226793013
76835703 76936381
91652972 91770889
168085093 168228435
190976396 191152778
211126220 211266026
215023775 215127442
216943047 217121403
186122484 186223660
200366260 200471733
211096339 211192029
212302183 212455266
181808086 181965941
190517812 190639259
227407281 227535004
237641201 237791801
239022556 239119763
160412446 160534200
188774976 188891885
187022159 187126669
197235385 197349744
225497933 225655195
217824209 217923600
29279950 29466890
174950131 175059011
169800611 169932460
234953116 235079014
187404718 187503896
226384984 226478472
249873734 249962816
251868846 251991565
196758534 196895520
201588511 201685336
71430856 71586167
26386676 26558365
20251458 20392107
204623701 204749522
224796242 224899865
231735743 231817916
237563785 237652176
239169386 239283720
262256440 262348351
297750267 297940715
196201478 196371373
322132023 322236830
170117519 170284212
30541442 30949935
107547999 107685893
172168275 172257643
178935503 179046754
194062919 194182649
201621025 201703616
149265035 149354386
161459629 161616758
165098632 165194088
141467472 141598842
69806478 69940459
25760760 25930821
99804402 99952858
100440370 100554875
130612964 130695247
167519659 167673293
154917127 155024337
210151395 210262475
149077836 149191005
151306448 151395912
152075682 152184907
79504592 79627351
22058746 22226645
48206994 48333134
45953994 46056588
41510617 41645939
102901586 103017057
136172704 136289146
121693209 121803171
142929521 143017897
167031613 167134079
153862380 154020280
201502391 201692243
99023501 99177036
97871300 98001189
106242686 106369501
46545372 46725499
45271350 45391968
60632414 60750787
65342857 65493856
104562322 104713023
107289621 107414195
147477171 147610456
111494095 111639372
163100918 163230007
134357595 134453381
82205093 82331802
75454530 75589083
50967704 51114416
96980176 97097570
31867314 32000398
148694612 148808752
169567825 169656461
151293691 151425289
205960279 206114752
182273386 182396159
118211541 118354112
222281654 222372664
160804927 160955304
135103198 135196011
84688819 84812433
49057455 49200230
57409512 57545301
144871467 145024423
232932122 233046908
217269057 217386368
229552829 229640406
198199726 198340210
232013533 232148101
231813352 231950143
283775705 283902035
126324218 126476613
100120941 100257705
21604783 21747110
82017142 82194113
111882000 111992308
147444408 147569712
133854058 133979697
90734961 90880636
152081992 152215234
94452091 94578114
21882272 22060812
208597268 208694714
219962923 220105185
189357451 189525659
246855548 247173268
204810279 204918527
212416839 212505816
248763112 248883568
263762542 263862713
225477046 225568127
74172584 74321909
49668194 49823350
169669831 169823522
187369928 187531022
233321155 233452121
186317084 186409781
192414502 192547073
205736862 205819268
211766555 211847729
216154280 216243506
215433631 215579204
56619820 56745133
24775867 24928328
25626893 25753026
186268353 186409919
188499068 188596156
191558106 191657294
179616558 179709162
149743673 149873234
202392582 202520192
218156896 218255688
205418213 205523375
69620576 69751669
107801242 107935670
96137522 96237101
173469173 173619768
150259724 150391620
170133013 170259731
180622541 180727327
154258123 154366635
173375274 173468342
190493805 190698321
176119527 176220689
198146680 198238612
74745329 74857723
75679437 75761358
98347199 98495309
20255931 20385414
26408608 26555267
112262388 112409529
177710700 177875204
125384488 125471078
166011932 166107968
168056057 168160776
192869419 192971472
169944909 170031845
159527883 159656047
191526713 191700583
56724802 56869673
22653868 22809336
194044351 194198412
196544759 196642566
167557930 167643065
166085501 166261300
195392744 195490758
203081315 203175788
225663761 225784249
226621712 226764443
237639545 237720137
118875650 119012097
127224743 127321624
193951258 194055755
152384327 152503843
208499744 208601664
257588717 257748753
233464081 233612814
202679172 202788495
214743139 214837204
235887434 235982079
218654117 218738434
24765688 24911704
46270196 46370294
59071527 59212386
133896609 134039454
147176464 147327202
187562103 187669798
132134324 132265501
196071909 196157255
223355196 223467457
232228657 232317759
82381303 82564689
270073204 270195762
87708592 87808357
54140490 54241556
58297837 58438501
21369977 21589705
44809790 44977753
45862800 45948367
138056892 138192183
124918721 125084761
158414820 158530317
170289931 170390825
133732338 133905722
125359817 125481912
133369233 133491319
126324150 126481779
66492637 66617355
62122621 62226139
75535962 75702006
146015283 146140072
187736680 187873541
167881851 168027290
168565248 168684297
130488605 130617326
132857421 132983988
267130395 267275087
210733244 210841333
192263628 192413653
49205398 49346308
25300190 25511008
155381573 155500976
155405180 155521709
198422505 198588258
203349305 203484554
190299329 190447707
179125165 179215032
180092748 180230823
190854099 190958251
158786077 158915971
99171401 99277505
134182046 134396099
169160839 169331398
166704124 166847562
233462331 233560726
172628369 172755816
208768975 208901716
191422234 191553071
197743495 197849538
192824789 192927521
207268239 207355120
26406125 26552298
26389263 26577501
163072770 163241042
170210997 170296299
187873021 187959148
204438707 204576773
230742885 230852364
250656643 250788249
237855230 237941585
246358559 246448527
163843920 163972939
133448353 133585815
200688221 200861369
141967080 142074448
223398536 223511765
224984678 225074590
206862857 206995709
253097095 253202018
195749119 195888301
216929544 217075699
187965422 188064861
192019015 192144017
214529917 214643564
243740942 243827400
230385917 230497099
252228180 252331460
254952532 255035075
218176342 218287285
268144547 268298333
196334320 196427780
235284038 235417008
208075619 208204328
208608914 208702284
218821732 218935827
217925676 218022626
226900485 226978839
241236246 241397960
237120294 237251617
258696675 258816657
265765731 265863963
267829353 267966453
261892904 261980633
159153742 159301625
198367195 198489923
200475826 200585422
210551712 210718359
205851885 205981493
204921390 205008931
227092198 227184319
215170731 215279640
235243417 235356332
223129368 223204444
44786919 44934269
121755206 121907819
126580748 126679687
158604463 158743217
181254696 181339014
189173996 189297606
210052394 210149901
195929505 196017700
230259133 230383620
231919681 232003549
77648774 77798284
42522399 42660956
34985893 35126123
44049806 44194878
112913684 113043276
185691601 185862175
189462960 189553833
152015128 152139506
193283052 193393180
187172995 187260449
231575094 231682358
125678549 125812379
147691273 147827095
71199897 71305640
31257435 31392887
170648121 170755962
231118083 231226951
210554294 210713863
247038927 247130745
190913062 191038256
253449268 253531427
256127482 256303767
204769614 204860567
218212568 218349591
125232742 125365497
22421575 22576075
219530045 219637980
226661964 226757536
223073758 223166992
256634915 256774479
255739781 255821049
256219789 256319966
225271664 225365471
262147124 262284637
251729249 251860584
128032107 128175505
29212667 29394469
237597251 237746233
245880597 245969187
265590981 265689739
157748158 157880390
263789752 263935684
269169636 269244450
269720486 269813157
275119167 275192281
275901191 275978981
288118789 288305517
154406695 154584073
190214225 190321371
229183554 229279808
224346145 224476761
209289738 209432043
220033440 220120470
220698062 220780774
219088885 219178072
227737638 227840684
234025703 234127319
20535712 20698322
120137488 120277911
145482438 145587442
188473213 188574382
176850744 176951152
193668297 193771113
178551618 178688243
221691333 221819333
224745661 224833168
226458178 226577852
100323141 100464785
24898652 25048898
160906862 161087570
217832402 217946918
198289597 198436729
241108408 241204095
223246569 223342389
244710023 244800498
268973729 269060204
281023196 281108141
288054848 288196322
180799322 180949928
31781191 31930338
201508715 201665864
167488449 167601711
210501375 210595911
185686766 185818621
215798861 215888924
185318808 185402579
221569176 221655973
194385759 194466540
235563439 235650336
37057959 37238896
162495714 162683374
183745649 183872167
209854921 209998835
240249042 240337564
237595697 237694023
246971600 247058184
147432552 147562610
264325070 264419111
270374462 270504663
270256950 270335762
26806193 26945610
23128829 23252140
123013133 123152930
156865121 156980699
140375458 140497419
154492211 154606732
178596260 178711083
183058282 183196348
182864984 182943319
203343191 203427292
112817477 112965399
88491233 88619014
20563772 20706400
54204901 54353590
46327426 46426380
133625214 133754147
121929584 122024756
146560382 146715718
135927983 136026916
179872117 179997810
180944576 181072081
168047996 168220353
163846148 163979734
88725843 88861690
93188516 93270999
84443049 84599818
123620269 123753541
149384414 149497976
154117283 154214810
170470481 170583600
185191402 185310768
194700405 194784307
109177748 109276012
139930774 140039734
146831118 146943308
34191548 34325360
36647585 36763026
55071211 55175119
58331381 58456730
62765810 62888859
94476431 94589873
75955627 76057829
100963530 101073272
77968864 78110479
89753557 89849811
91615003 91742141
91764850 91851074
29247903 29425869
57240220 57334976
66572356 66704050
72040489 72122787
132122846 132263311
122949741 123039959
140167487 140282004
124200768 124351715
173707578 173834361
174838338 174914935
203739011 203894778
95239612 95338937
86134797 86216596
98060538 98176022
70952619 71049610
68300974 68425719
128919273 129057718
130889769 131013027
118130846 118235000
128229923 128386533
130403193 130493387
152074012 152156337
128835117 128921269
110794573 110884855
29058904 29206719
75213611 75333176
61096805 61215847
41306327 41431156
135636857 135764137
142374398 142478765
149819805 149923389
183239366 183342261
152646004 152725709
104552656 104680086
169284384 169373869
79049594 79160414
90830438 90914472
94951131 95061008
205582323 205731576
200315556 200426407
221643394 221789542
216217056 216324185
250389011 250481220
228697411 228788133
175803423 175941484
152949316 153027260
160127018 160267172
275215374 275300405
30208544 30353142
93998577 94106700
98987863 99116652
100157939 100234510
70867564 71004115
34105146 34240525
25484018 25613627
178718407 178900763
200535459 200694704
209596606 209688029
213144602 213253024
211818362 211903864
227970108 228055593
207653783 207757692
169106815 169227529
217175045 217255558
142684078 142809454
46353344 46511308
70403310 70533633
160567180 160688810
167978328 168068325
172212092 172298802
219935499 220041547
201855719 205156094
256046611 256194372
216987001 217089288
261125339 261274366
89834316 89958511
68181388 68310468
56044794 56180128
165389648 165564891
170100137 170213483
175460654 175591758
167619803 167734745
132288171 132385524
238767742 238856269
174762221 174879582
169764195 169872008
168450237 168588403
44487696 44597068
46146442 46277191
64871798 64997690
48438509 48536863
141371105 141483442
175284649 175390295
170200790 170288315
192516478 192606209
200759627 200925489
220647504 220742274
228036598 228119399
104280394 104388466
90741604 90859177
83760589 83847806
23248078 23445399
139812359 139924073
160851981 160943269
111484901 111599758
189900160 190035935
164558850 164692850
178858140 178948418
176172277 176265280
163213840 163351669
64289939 64402154
18592603 18762768
192714527 192844305
215499017 215657233
177250461 177360062
205923369 206010600
231732229 231815853
162295557 162405071
234658144 234779041
222411370 222516059
112253576 112379974
242966461 243086707
21779392 21918176
170978235 171110940
153509964 153609575
164215044 164361724
165544321 165635517
211498359 211628010
195676977 195757293
234999803 235097145
188972379 189087630
185492156 185590825
71080268 71206575
58016505 58172583
162546966 162693303
222973207 223095990
206195597 206328606
194381794 194840260
204585933 204683627
194095509 194219060
240659141 240769296
244945967 245042014
224794565 224874778
74335641 74476605
26762319 26918032
37338661 37451957
156092044 156207523
136222347 136304496
147448536 147536256
137686909 137786375
121744710 121848755
158062193 158213452
180928534 181032327
167586680 167952553
26288343 26412362
35428910 35539311
203618418 203733019
229794300 229886392
190848657 190941952
154496165 154627750
259202381 259345530
255966735 256076592
229141352 229258003
228673773 228768168
234366511 234449155
178217973 178299131
45088835 45247396
118444097 118589339
154772696 154918921
191047607 191144427
175699659 175801843
228424815 228517243
194659805 194741970
223538405 223693368
198662729 198769137
210627292 210708914
44548148 44672019
28680030 28837884
35819634 35972919
135953753 136098540
139345590 139467143
191202424 191331803
160406584 160504619
224150761 224235497
182086705 182168150
194403377 194504316
206639389 206793843
156050123 156207474
54193416 54316476
50407418 50531068
67499417 67648395
164317749 164443561
209974169 210100752
201547179 201706975
197721834 197871171
286573985 286732993
245613750 245736188
282063230 282190421
241430442 241560589
103980500 104141977
123406724 123558857
27006423 27172066
85108621 85280480
150241582 150377780
149412382 149534813
218717283 218843284
197547105 197704132
124496623 124625338
134483324 134580130
152823273 152974534
255747582 255842200
56063152 56204663
27533745 27696422
37817425 37976898
136542950 136660036
143760685 143921229
136052272 136186203
169555829 169689868
147001359 147111376
146277835 146421212
207613555 207721165
93139110 93268206
95868608 95957130
48886782 49010655
50591684 50747520
94467267 94613201
111121986 111220557
148220701 148342424
166044384 166195871
126119016 126223831
139801400 139889379
156732473 156850732
176951240 177086292
231566853 231685846
54440450 54560028
31725518 31883412
36875252 37001649
41806000 41969572
52034708 52180945
126395445 126536872
120698489 120820528
154813327 154926942
164155565 164263251
161866744 161979643
118774696 118909120
179212161 179319980
110508555 110661061
57637366 57759126
108698629 108832812
61461406 61617494
97381270 97504506
131819087 131969880
133486243 133598315
143194941 143306174
163021753 163172494
127971642 128111606
129331559 129434734
152309762 152431828
211077837 211155888
46915310 47138749
29486906 29656310
33335679 33498611
61579275 61720336
59862531 59995622
65978599 66096199
140661314 140818973
131388798 131532715
165105279 165271975
192383493 192472049
156451226 156566999
208743950 209113084
102439525 102553132
121687770 121803038
122575667 122707753
122887601 122970795
30735459 30889660
119182047 119316772
180945564 181048741
203211880 203303347
205684545 205773097
214564570 214724073
170750943 170851929
173610907 173747180
126022733 126155104
130493765 130580555
112982712 113124016
29580919 29769341
193236387 193393502
185667760 185756692
187035527 187135514
176214902 176313368
210185099 210284429
198462037 198559679
232784235 232874217
182304912 182403782
80460721 80609929
180598587 180712800
183768432 183928486
224211508 224307354
236534870 236627117
265462979 265624832
241470250 241590698
255830637 255914303
225491993 225577102
226304449 226407183
277587609 277692910
274236698 274332882
168419983 168580889
185331242 185437576
233071505 233164401
199748237 199838761
205252300 205406878
265270680 265381283
230710395 230800372
228838210 228926253
238651140 238766479
241820432 241935743
28097501 28260606
199477300 199601470
217538834 217629269
228123378 228223627
259161243 259340566
210167251 210253567
213151082 213282165
220462777 220563689
281003354 281124100
141883940 142041241
253012069 253123915
143055182 143177843
173834122 173989592
219890529 220002705
186011518 186186276
168432111 168557059
219466186 219567360
220310316 220467832
201539859 201623930
221091893 221186474
224110385 224197546
58915522 59081060
57815722 57932810
48347410 48519064
105721076 105871513
132716278 132820972
147974519 148074509
161751174 161860741
176080214 176184030
189997114 190120003
204638252 204742596
77962744 78118454
89979184 90061780
66766310 66886558
24728012 24877391
45723840 45856471
92210654 92326449
172292315 172402631
176602473 176704589
166314091 166448567
220500918 220586663
177068265 177160661
194080189 194206345
288731400 288831738
145426741 145581160
105526453 105663306
62579579 62698940
32282463 32447020
119534501 119630579
127657029 127739868
128017356 128109768
144755144 144848018
155904223 156000059
158997748 159193818
50253477 50387832
83941676 84130286
173965375 174081888
166790961 166918384
184470266 184613492
181848069 182021678
156717117 156848191
212625237 212718993
215229620 215404857
186154122 186274881
183022929 183135594
26208399 26354518
26136199 26303747
76335948 76449439
135774966 135919750
158240475 158363187
155971947 156071925
192361781 192465607
195036292 195123164
197352000 197457616
184652175 184747771
155035567 155185660
76317586 76457409
23543227 23675378
27031475 27211361
60210353 60327202
138683016 138781328
169525350 169671035
163634367 163745887
178327258 178421392
186209326 186322616
207436017 207526855
181150952 181252788
156398864 156554378
87773684 87901431
34088015 34209954
108418446 108543594
197789452 197902455
198344409 198443874
166660819 166877997
248331444 248471552
180246310 180330268
193501495 193605299
213324500 213425810
221123366 221202931
171290987 171417991
31959330 32137353
112836672 112937766
119346837 119429851
119930831 120021339
126788547 126933980
38446432 38592184
31664012 31858292
127251989 127366229
150052028 150160840
129610010 129733865
192873855 192994725
189412417 189512415
178868358 178960947
203253839 203366309
172053442 172157362
59654279 59809636
168621230 168757671
49188195 49292245
66299991 66470010
42603239 42728075
123480528 123605126
143821037 143911354
145375632 145469449
150956938 151065736
152498178 152598963
175258772 175352565
219944047 220062858
60244047 60352120
111010499 111137886
82101512 82228387
189798469 189932649
168049283 168142652
197049685 197132299
198087116 198243956
204013288 204227419
236825006 236961463
179484456 179665100
166329070 166433228
173272433 173366793
156372354 156501487
80056587 80201390
142152607 142262246
184442434 184567029
177659928 177804255
216216956 216335768
220242936 220338067
186442210 186530080
193228486 193350165
168776535 168938826
170823013 170915637
32973494 33106471
47481350 47591072
59485493 59634130
18219428 18369566
182688414 182801575
187865677 187983024
214404263 214539518
205603707 205715526
157395903 157492877
192537382 192622094
215344408 215457371
205191510 205296421
185763864 185890675
145296329 145436476
42620704 42751615
128055119 128185127
147129090 147311047
182047128 182153805
169885471 170023970
198389463 198492559
197077642 197161302
206731232 206832859
198986053 199075486
241045138 241158637
46849514 46967397
47463275 47599449
51804650 51935627
35138728 35261778
138935065 139125181
143294810 143419712
182109414 182211400
200905247 201070068
203508133 203591498
152976816 153076335
183726849 183861209
114286640 114420160
92748405 92884440
78200736 78325647
43307344 43465529
75776602 75915301
146458875 146590604
181840768 181931557
192672975 192805368
185640181 185734283
225682216 225795013
204264738 204369583
200397658 200513134
221621983 221722598
108885758 109037020
69415901 69554214
26406148 26563202
79658819 79818788
157752781 157908585
160986435 161092244
156037119 156137252
142948992 143047267
144084734 144178075
92380180 92516954
91173637 91356802
88698717 88806189
109661893 109784058
70085115 70215049
107074341 107247048
96193956 96323046
136716567 136823786
112062773 112149190
150237018 150330441
158243934 158418297
58483746 58608666
70522358 70655226
86132036 86273074
80592950 80675951
82299518 82545641
124745740 124864810
109871050 110002483
152054102 152168953
118417998 118506239
150060501 150234113
101446582 101606446
89489558 89596921
137640285 137765774
107466809 107577079
20182196 20333136
44325021 44472526
117933486 118091362
130509494 130623658
162782359 162987016
148089179 148206057
196382648 196476380
163178550 163316322
160589513 160691712
164412302 164572039
115917145 116086151
72505551 72619813
50750234 50900431
55321769 55415054
129678142 129839335
217303402 217466051
213359299 213452586
182786159 182943545
223267272 223423075
227010077 227105310
200271768 200388345
230618688 230749034
141702761 141826921
149919511 150050126
34755458 34929374
28945496 29116561
168939385 169067979
201144322 201250785
237742008 237875834
199009615 199091163
227673454 227817295
210999167 211106241
231995399 232086515
242983686 243069866
244519172 244601693
89735065 89866931
25042011 25240056
177753502 177900957
485073119 485628668
505067878 505211003
374932894 375071855
579186050 579298097
601142760 601271433
603401387 603539138
611909264 612050267
621379791 627421790
299717925 299865954
650823501 650917982
71518762 71736647
236557405 236722066
294638936 294768485
239739804 239872040
229033535 229120345
282309873 282434841
287011862 287103530
251485229 251611123
324070374 324198508
285628164 285746024
171449197 171749414
18450264 18585393
24000537 24145050
158844661 158933585
168678440 168777326
193788543 193924271
175824588 175939850
203171437 203261515
227331833 227416242
210848528 210934333
218577129 218660513
166655332 166774475
110298917 110430092
64216365 64354441
67926099 68038036
149200244 149307925
198732848 198982197
206726983 206987589
180353263 180463140
188113219 188192598
178158168 178294815
231472169 231559756
224509398 224627444
75633337 75778706
53903082 54026296
30435122 30592020
145826908 145922748
174083112 174187433
216746657 216874796
186062028 186189717
213930993 214019729
240873596 240989368
184298011 184399790
150480911 150588067
78398523 78522386
38359808 38499018
35177602 35310909
177313340 177452005
144625315 144704794
172402232 172516243
186084210 186182942
177077537 177221736
197735009 197821899
176077430 176222126
211075374 211179774
108323763 108465103
98757441 98898650
19739383 19892225
137352994 137494932
167952409 168053462
219844561 219951411
225394715 225478203
223564751 223668586
227060267 227193342
184604838 184706015
155809664 155969783
207006804 207094522
81106766 81233023
31255886 31397064
188840069 188985108
172829006 172913242
198205051 198304521
197399372 197531168
189495102 189587268
215299686 215440463
221582517 221670209
230874239 231010289
301492296 301594419
126090043 126207075
64624674 64741179
67407234 67540377
148754480 148904619
146965093 147065798
153405404 153502462
191505013 191638948
202453173 202555259
175501228 175612263
194385258 194514714
210456216 210543883
90640258 90749325
92316430 92399344
74795839 74892794
79051724 79191268
79758905 79842788
34624412 34740041
26878225 27012063
25645290 25771728
93489102 93616423
119112962 119223356
141406035 141533278
142825151 142904896
143887622 143990614
196573388 196733820
172864656 173021286
168197955 168291837
118949997 119070979
85213905 85337007
27350980 27481472
20064750 20195689
50350558 50494477
52366912 52446477
33331405 33455423
132429646 132566176
178281025 178389857
211346063 211453097
220969026 221137278
157024856 157134385
223259359 223363628
234821772 234928786
111643831 111735926
95433608 95557338
149653634 149798904
24634753 24806038
77588194 77703908
155595914 155717748
159005331 159086842
168693543 168808389
145157756 145252984
219645096 219777513
225792914 225889407
86054740 86173714
209775997 209895160
267471510 267564086
36269399 36388877
151853669 151979650
174628147 174780550
170326772 170425363
195120763 195266534
170670016 170796235
178312825 178406761
199268395 199371767
167057592 167168457
223415537 223524701
158416436 158510160
46057708 46158255
58387023 58514652
21788506 21948487
57939632 58061643
71924824 72030295
53550935 53703190
67092861 67238301
84175059 84263148
123487612 123617318
96748451 96892140
142577993 142697314
162979574 163093728
175685686 175774543
191050959 191160107
180354051 180452245
50689353 50796957
72246282 72361193
32506960 32624748
25599580 25767974
30207632 30347241
95306108 95428828
124661516 124781316
153988203 154129355
114182852 114285730
126935596 127071783
154161098 154321188
177838155 177939740
114381569 114499785
92756529 92870516
73458216 73570281
70088898 70241002
62474222 62580438
121902269 121997402
159363489 159517601
150943036 151054937
195327141 195435991
136404479 136514889
146226592 146330006
149118005 149198753
194450583 194532045
63635403 63773799
51295996 51385651
26412716 26555669
152667609 152786455
155562942 155658918
186478507 186594790
133712206 133831148
176950541 177102267
132624444 132756161
189156105 189235823
195527964 195614344
222404684 222520903
61394701 61512762
44799576 44945980
35659268 35790197
26927432 27097495
31995808 32128292
30229875 30335657
177220218 177318859
185597124 185699339
156778192 156860564
206477835 206564124
218770891 218907476
182474306 182596132
195889443 196006222
200498185 200610876
124652234 124748582
134010171 134154999
26129589 26287674
129693920 129868731
209327868 209449052
235930817 236023632
196633933 196746601
199345203 199634062
215839673 215954760
183679257 183788661
177967333 178065340
260177549 260271805
95617691 95752969
22548526 22679975
45058409 45181956
92765620 92894629
145871985 145982828
157836389 157929425
168441152 168563751
156504403 156584412
140545018 140636234
160408405 160483513
162089888 162214978
72447745 72584103
37592712 37759773
26092870 26224742
189237883 189392353
210336324 210423435
180733618 180832626
236706718 236787193
238214582 238317680
246505772 246607900
213680150 213801737
257863162 257936365
259665776 259743638
149792607 149929891
29865553 30024763
83928978 84089319
90197886 90300265
118562320 118679935
122078576 122167692
113782923 113894679
32094522 32213140
60545849 60707638
181386108 181489357
167801187 167892538
188577986 188677512
188964508 189058720
219535124 219668618
229477776 229554720
180355492 180492396
217958526 218052655
257043488 257135306
38289297 38414939
49707252 49851676
60693688 60816590
150982488 151086025
130013941 130136153
175193142 175327565
201763160 201847252
167270568 167350085
210431019 210520793
267731030 267847158
222336691 222409260
73718056 73836445
117964679 118070145
34835889 34969058
130978804 131106690
154379991 154522817
159378140 159474533
180758442 180853454
160862246 160960454
153234238 153355268
189618418 189741470
148248373 148388325
118532736 118637970
89682179 89824755
120247505 120385800
125826224 125911109
161807757 161921600
179425199 179499636
183089455 183197570
138409904 138531225
156596650 156717321
173659961 173773836
169481799 169581780
242637329 242762180
38563186 38699994
48852458 48982972
22301551 22437096
62644548 62754214
59193161 59327045
91288844 91382745
28591470 28741044
34100566 34205135
35076358 35212700
24576647 24700928
125850136 125965665
155627334 155724022
147523030 147658383
183406058 183571654
184892887 184969054
200269767 200352892
204418993 204494492
205757377 205843414
88557605 88688138
154442629 154555454
41066874 41247965
35599139 35721627
33214559 33335012
64604973 64757685
149500166 149606015
192246141 192353640
198884573 198964356
227769314 227882412
188576855 188710910
131294393 131406189
144986820 145115208
266467524 266552435
178660446 178810673
48534920 48646317
27444322 27609979
172741840 172919101
209636034 209730889
262275112 262380723
213840714 213926793
202561044 202670717
286035258 286181758
238020596 238114617
248757768 248833106
121858044 121998758
250402449 250514950
34042725 34187001
32275681 32370029
172990631 173094722
167380767 167476648
206269656 206375974
206569937 206662805
173283900 173377852
176584683 176678471
180678961 180770936
192615223 192743932
49595026 49756768
44204562 44300719
24497076 24626598
163846992 163971705
172454188 172545331
204493789 204613027
217805762 217886580
199214101 199334487
246376286 246486620
200969132 201110254
182792269 182892525
286010632 286089619
101852108 101957593
34832069 34946968
51891644 52025182
66301390 66418962
129062140 129195264
131157469 131231199
141480455 141592048
131398186 131484646
146757334 146847064
156184849 156262877
168436366 168568507
65687457 65783313
97806635 97926297
35653187 35769808
55697913 55807941
80179778 80302058
110985318 111137207
152166887 152299993
154459335 154568245
135500506 135627711
125738434 125849407
115588025 115675339
101034329 101172156
165501713 165585419
45895922 46007874
32615187 32706415
29433731 29559372
190356033 190477054
204005388 204127490
209407570 209522499
164351190 164431799
221185382 221286865
189668943 189794096
243885886 243987977
150654595 150768347
237491492 237586444
219942263 220019555
37316992 37460994
136371793 136489969
202926058 203040691
176315114 176411680
173161947 173250543
215051154 215141609
200438413 200556758
172384559 172500072
195010562 195107341
175963033 176080174
50235742 50360233
63051509 63173450
85809501 85892383
95438385 95564433
138903915 139054806
126967030 127081505
126546788 126638432
133466596 133562611
137316048 137398525
141849581 141967142
22576878 22701586
40353850 40479625
43417425 43506100
58331598 58445877
43232006 43329594
136786458 136910766
192180930 192317155
207952354 208028988
248439891 248549075
151620652 151768977
229116452 229221965
217158672 217254324
144423516 144523819
117265043 117358409
126702260 126806195
31668187 31841320
25222400 25330821
43090115 43206945
103170843 103301157
145372348 145492830
139400886 139504861
148522163 148626361
138935616 139070095
164727140 164882247
110951290 111080751
228074344 228158398
103114155 103257748
69950237 70076369
31830792 31961222
90205211 90324002
120541584 120639543
126393193 126510657
178925450 179031231
137127031 137279846
248504143 248610503
149973499 150069053
155996209 156074553
171116346 171226958
122025013 122175344
35290975 35403470
31067230 31193300
66676766 66794048
83590349 83759187
76265305 76353022
83433656 83541476
85394140 85470965
91517992 91634296
125938899 126089182
180170583 180272703
179181684 179287121
206475256 206569291
217204113 217314769
223164648 223244308
231330052 231427033
158586595 158725656
169197488 169373262
163823969 163933245
33815363 33944896
22320742 22476315
140242735 140367460
157354707 157465644
188176533 188282447
235739393 235852661
190676799 190786955
241239700 241331705
196634355 196751888
200466877 200555642
156671938 156799076
108632162 108759201
32544220 32698277
120089280 120238116
123045597 123137831
158071297 158172482
187878991 188008185
201651075 201744616
189264843 189388482
210344182 210426085
197790024 197893616
118068550 118217021
217281361 217378845
46988328 47137003
47543094 47630621
117376493 117520967
114619972 114725970
174006467 174139822
177290685 177392403
200889907 200987069
176286948 176369220
198099668 198184868
111997899 112103639
187735436 187866149
119134981 119262880
37018696 37112584
45650991 45775879
35898351 36068229
109090638 109246372
141762221 141924255
170689658 170838113
133859865 133947435
175377924 175537271
159591759 159677672
187236277 187359057
179700291 179788211
193023696 193108406
210854520 210947581
28933845 29093291
27459074 27605085
32684373 32798530
201914039 202049100
177768590 177859748
149293375 149416915
219280231 219391861
243604772 243704788
249729276 249805205
256894498 256982285
281339075 281453543
170045122 170176325
120773527 120902418
213517182 213637928
226819762 226931673
233937579 234023622
265536059 265665985
206881078 206977752
178904406 179051955
243302585 243397237
230456578 230546827
241686062 241831175
261468019 261559569
27857494 28008742
25152778 25262168
177773157 177861494
200249506 200334120
209056015 209160500
190352937 190429870
193946265 194075752
212070079 212174771
207459346 207556308
247902243 248033135
98551436 98669118
85671444 85803907
44566373 44677417
55989382 56120916
133084332 133254247
161020731 161154853
188292939 188391893
167977172 168146272
218268373 218347319
169383168 169465945
225018042 225134665
212639265 212945122
193291305 193373483
194507855 194717963
24799542 24975828
30061975 30170124
178753795 178904935
201493926 201595140
218400308 218485891
219714339 219822937
228163828 228509806
224993737 225088365
223789171 223892663
231967334 232053267
132345225 132481222
101530373 101653579
162398427 162504930
209005200 209181990
177506411 177608534
176835111 176932496
231093016 231164936
234883338 235141448
237796394 237876358
204108440 204217105
280126162 280223274
235806898 235895503
27031300 27250869
36223090 36369449
208494014 208586856
178951883 179086981
220763962 220846805
224017678 224143669
235337200 235422026
237941385 238039142
242379607 242458440
213923169 214006177
123051632 123191588
95256328 95380405
156881595 157121416
203653348 203771808
189980107 190072611
231857815 231948507
183991872 184086231
208574139 208679638
235905046 236007339
236651761 236750819
239224909 239326626
234319264 234418216
25107660 25235507
199777418 199952323
204234888 204313962
219232724 219363639
227610355 227700690
187491591 187605077
226668258 226774777
198808883 198909982
112205664 112351947
212104368 212186860
207672990 207764840
136730666 136880333
171773047 171890663
211944350 212063295
180021352 180133300
243542782 243675108
166047994 166153117
225448866 225538825
195161052 195280374
184456739 184545129
193374762 193455152
25900884 26046896
34315656 34454222
21436492 21556879
140365741 140485392
149043410 149140977
220602187 220702322
210057596 210148359
235936780 236013995
212178983 212277107
173642865 173771735
247155467 247266616
123385926 123524585
107303741 107421430
45634926 45746217
53478617 53622332
26348500 26501487
162978823 163094851
177776963 177907801
192205899 192329904
218782535 218876819
206736045 206816330
229653905 229751862
244170944 244252984
142801892 142887625
143879137 144010847
100893814 101026584
30915152 31086120
108490388 108598745
182276950 182378843
149379747 149461685
240260078 240383169
174741486 174827095
224042368 224131983
210608502 210751411
249897915 249998781
199986696 200072532
94554435 94686381
34656728 34784616
28894490 29030236
129935374 130083264
141836064 141946162
144729464 144921592
156591335 156708001
193655707 193742093
184555923 184648993
215779040 215877168
139802748 139927098
218604349 218680934
62599577 62713586
41147435 41292271
38045023 38156833
23442891 23557522
100027288 100155858
127060038 127195656
128745551 128875325
142742727 142868522
152951493 153062297
164147850 164275322
200062343 200162420
105354324 105501492
78090202 78318867
77223158 77351605
31794201 31946510
69163528 69292140
51376838 51486437
79469654 79600371
102016828 102144557
136262260 136360192
104525344 104615626
133016335 133143157
111497633 111646451
134105550 134194431
104174197 104304168
53909813 54015978
67780335 67921394
33919077 34052584
38648689 38810616
35678972 35788988
45448363 45613182
59206548 59310777
61670045 61797135
145346663 145447075
154392986 154536272
196105606 196229914
171850457 171941909
205983270 206080729
220670735 220797582
198892641 199026477
138314049 138421247
153789992 153885314
167715495 167839421
78112677 78222048
104809069 104950468
204703295 204902117
209288716 209388981
227342075 227428508
170976669 171076418
232940155 233051838
223091084 223196541
202711021 202824686
237708404 237831548
72712730 72878040
53360418 53478974
174853541 174951629
190949929 191045569
197053402 197205039
198948059 199063948
174502385 174657569
198212330 198369834
256844448 256926169
177266261 177390123
178619275 178700345
202478481 202565664
29101311 29288443
140630227 140770098
154699613 154830872
165711237 165838833
131936912 132057682
174709445 174814758
223017162 223202956
228662145 228751354
190943542 191075746
188664046 188754370
96548930 96691186
32681619 32833683
68396441 68510564
70561389 70684785
53616074 53742384
21246714 21396858
39857606 40011769
191596680 191708896
193884709 194092201
200960639 201116487
227088028 227221958
222603913 222700683
187694899 187860879
161292664 161401643
289505640 289598028
165764188 165861229
198099277 198186613
68273391 68381483
73636853 73808947
200169530 200373937
169034729 169140186
205788231 205899443
222305626 222413055
194182978 194282074
232350328 232451172
231125198 231218296
219718704 219832567
76510271 76649429
75665327 75753954
18907635 19051957
123061634 123194488
186969090 187075724
153651163 153732452
179083021 179191451
160839843 160948748
179386360 179465815
185011439 185136892
190323047 190414085
167376852 167498515
65116356 65222729
31879723 32017939
195738865 195918788
215187643 215344902
250111956 250209827
263334646 263425071
242837376 242933212
222992281 223075632
226264503 226377769
292288008 292420060
300054467 300195723
155452934 155584203
18556304 18718486
107040701 107182644
155308996 155443868
142318243 142413971
204407979 204530328
203124762 203207560
208853515 208995074
162667714 162791858
225017970 225104468
215106751 215189231
67974507 68079909
42416514 42571305
108956603 109105021
163108360 163225655
194677594 194838464
177108342 177209239
212173130 212264020
219277923 219367142
194180927 194290932
222484814 222572342
208758665 208836363
105876974 106013305
34376800 34541056
24453702 24602401
30682984 30801251
105064493 105182553
152903055 152999493
172157221 172282449
159651178 159751116
192511507 192600623
202329527 202415351
209683325 209772679
134614788 134726224
80324823 80451864
64055275 64164041
18424970 18571302
194536389 194690296
209448602 209565830
256976501 257091377
185278903 185368621
197656667 197750159
229251092 229335629
241778566 241875065
234177715 234259813
131263135 131394381
218938942 219014854
107541456 107655182
153469617 153623253
141337607 141433980
167118287 167215041
176212673 176298675
188854309 188975001
217439967 217553825
191470671 191546230
213748551 213859868
201829813 201904289
46958512 47069328
56247930 56452141
123293084 123382144
156178619 156309359
157652178 157743593
168077907 168170275
137313366 137499639
185489375 185578058
140481516 140584445
60079323 60169035
64399268 64492486
73577778 73692466
145257366 145398906
179389179 179532509
183841428 183968720
230383562 230500875
220538978 220656771
166460352 166619987
226793566 226875944
162601913 162693330
163558669 163689885
254811479 254895364
35709662 35862667
52099831 52224821
107068270 107200045
133788011 133905933
192413514 192545562
179153837 179271025
204061202 204185952
218357148 218463419
119653518 119774343
227852075 227952836
236315752 236400763
68272238 68384826
29370979 29488251
35054681 35212912
80513904 80658995
144700658 144849555
154683745 154784398
157004050 157139250
174877743 174998572
169456802 169548258
153651016 153799207
221176201 221257400
264351211 264509465
108199056 108358717
49994130 50117469
39884199 40044343
40914198 41063804
168235078 168388991
187599065 187693211
198339891 198417727
225710359 225824969
152082863 152211795
159167267 159249382
169354598 169456634
108291270 108425034
127359602 127484540
43309059 43480705
68913745 69042858
107176205 107296460
163207050 163352893
145875497 146026328
180056638 180149063
171744410 171853971
232848952 232996411
154081742 154242186
164922153 165025668
99478667 99603887
49634960 49783292
76562523 76683739
192424548 192577705
224733381 224879470
206235086 206361220
219029181 219169760
257456920 257564844
211938309 212083108
237681255 237826418
195441157 195578782
172693440 172836835
177284997 177368883
25842003 25987615
138700369 138843115
199879758 200026285
182425850 182524806
210708846 210828489
220916755 221063345
176274336 176438709
188904956 189017342
189724104 189802838
92897389 93041261
215715033 215819606
27039654 27188596
119375458 119476267
166558236 166742804
156034893 156131062
205472477 205571424
178336045 178445212
222574860 222695773
182091581 182175713
197424778 197527271
120895356 121035389
200705553 200829676
48360056 48500617
126345776 126446964
157456418 157604438
142444800 142599026
157970824 158099867
113844607 113948004
186232971 186335775
196897562 197019316
150693873 150845149
109758860 109888534
32884273 33034466
68146480 68267713
72536915 72677427
177039772 177198280
178046923 178137639
131304657 131402945
178568943 178697735
145614541 145703356
154932756 155048304
148445631 148575048
61234396 61372347
54303933 54457930
44951471 45070622
193935845 194091658
231659464 231810693
238292057 238401406
245500481 245584928
249232242 249314297
253900557 254006738
221503427 221660929
243430213 243517768
166809116 166935788
184501064 184626098
85559808 85713055
193872010 194053483
183782393 183867678
203934578 204070880
201642618 201776920
192054979 192220698
223889429 223969334
222815177 222897037
227333034 227447124
234012231 234204734
31778694 31923081
175592176 175724882
193115365 193221929
170947295 171040784
240011710 240123904
252791849 252894770
247190115 247284312
199856311 199978349
271342527 271476667
167945212 168075812
248345677 248421662
42937316 43087686
159087073 159196027
177703772 177799373
225161207 225266053
259767262 259923619
234168229 234269826
220456248 220575526
240542583 240641176
240145294 240250673
273775018 273894048
75725859 75858112
20441124 20588382
30730226 30881807
204709540 204807497
194772533 194920403
237367899 237496159
242763265 242837400
243506526 243606100
224565475 224647939
242351272 242454786
263643975 263786900
170612813 170751032
102217865 102349212
192258509 192408055
226042732 226143850
204425904 204570594
225649231 225744234
245993924 246114111
180043180 180167549
231703806 231833847
220708711 220791269
246296492 246379543
191589123 191663544
125150326 125303048
145239123 145376589
176661818 176764054
197073912 197172821
187568747 187713519
205105297 205210601
211275403 211354367
232907737 233040563
220752353 220827363
222225872 222296440
44977439 45137222
63443884 63580158
123717006 123853166
135285372 135412102
150363687 150560639
228270873 228390211
214935405 215037086
239493446 239606513
201994708 202078466
203752251 203829860
127404097 127514009
86358002 86479274
53871405 53982975
55983553 56106599
31123153 31260212
184029156 184151081
206231759 206310626
208701305 208782964
212614044 212723506
207311177 207417894
204634979 204734985
115184582 115322292
251046471 251165415
79005384 79130765
126153864 126252243
125965113 126054054
106734553 106853216
155655640 155809771
214674071 214805822
113346270 113434853
112807261 112891031
207189436 207268700
179749751 179871538
123377532 123469647
126021604 126147939
60491521 60651927
64585903 64750120
56304817 56431816
100170118 100326331
128122376 128273207
129198880 129282049
151364286 151492647
139181753 139277978
139471324 139570181
148451300 148564337
81192496 81324842
55990758 56154606
68498913 68587323
34026050 34170043
169876902 169985524
215169360 215262045
209684024 209772451
199539621 199661591
223371391 223503121
233946935 234079063
150637014 150763123
136853107 136982410
164067427 164164983
80405398 80534491
23444969 23594874
242176795 242278902
254767708 254876277
265347961 265434637
231724741 231803507
238934763 239057193
268499737 268587646
216628234 216733506
262081638 262187164
307213662 307303721
114452964 114580227
153693811 153871303
175441416 175607984
207556046 207693224
198882471 198962350
199374217 199451389
169403301 169493424
205058004 205176658
180288687 180370875
187332667 187481579
239170448 239262984
82312707 82475664
146941457 147044044
164000208 164087754
166594671 166679368
174455033 174545636
175395766 175517720
182982470 183066631
92718270 92866415
89915724 90001916
93642206 93726706
69334181 69436800
86374433 86503671
111233124 111377195
100253157 100343647
119727627 119827639
126351665 126465233
108029315 108170378
97763935 97879747
103198988 103286557
104687244 104775318
123283760 123431842
47193480 47335966
114210180 114310720
119130142 119223673
128540262 128622748
130327760 130403236
137753693 137879079
119765790 119879118
122409775 122535196
159618888 159731042
147806793 147896832
168082941 168162343
112560855 112659861
139066616 139171587
150407501 150609887
157361931 157444908
160917604 161006732
106491116 106610055
92259482 92367703
102590567 102668556
107256360 107337120
113498706 113629006
24991044 25124645
103226319 103350532
90995315 91073297
124754605 124889070
138359882 138441868
105524683 105672943
114294287 114415307
128160182 128258572
123266434 123357046
88047849 88174838
146065517 146202267
25872163 25999990
36850040 36977438
30330187 30463769
42238833 42348977
49210865 49315828
31694617 31832385
89794735 89890796
79355100 79489312
116599878 116724533
125226686 125370303
63840166 63988114
78713659 78826441
85101710 85199887
41903439 42061277
40687843 40870973
27331620 27485118
60437159 60609593
76539153 76648543
99025004 99185552
128950995 129077242
136432512 136548476
143200976 143324967
135169562 135297355
154484888 154647722
130240296 130394884
108531054 108679712
47175404 47301095
57540126 57671231
32115520 32276504
22377095 22527563
166151992 166251779
134650446 134809285
191486058 191630937
201832531 201955488
211110002 211271031
181892702 182025288
203371669 203496144
188483762 188625341
114855394 114958806
160511172 160648015
148338881 148500934
216921114 217040538
157185971 157290810
239051519 239169149
181831726 181971663
224086063 224232018
201658587 201763418
279856555 279998538
181001480 181151967
236761331 236933440
24234135 24389365
81597614 81756906
165294522 165419942
189422713 189527970
210488050 210617940
204229253 204406328
193454963 193604170
215515043 215621383
223343953 223435813
224461127 224540497
128825602 128949248
33652362 33802251
150933563 151079522
145662262 145842795
175009393 175121458
172988004 173093849
234936588 235058380
191045988 191138038
197267762 197400089
166937650 167066234
199725530 199805835
201040999 201141238
69129713 69284828
88611594 88740302
69052910 69216524
57686307 57835011
114443948 114597496
149395867 149506902
153907802 153995975
191539433 191649618
205930145 206103547
228969531 229075415
125861832 126041876
114594626 114739512
118049701 118126066
124893069 124986432
24260533 24388782
47177570 47274272
87224689 87376494
47183101 47331271
41838168 41993970
22088727 22229138
77061893 77194464
83197006 83320679
110914959 111014977
121111199 121211283
94479937 94610469
36634874 36747278
64689153 64820165
107493896 107604194
114460161 114553596
121452652 121567327
74947469 75082902
71394887 71577817
95526154 95609389
124725780 124864068
133293356 133381484
106553605 106668556
52809761 52923862
18332608 18468898
35690954 35828413
46397778 46493394
31896823 32022506
37903616 38053866
37210676 37338337
111461757 111570375
126101982 126198341
132725552 132834675
142433075 142530542
129055964 129191575
77272810 77396791
89981486 90106108
63752106 63906662
65556427 65632965
69305374 69404497
64526188 64630885
82267945 82425285
90181133 90284648
68804625 68954488
62790219 62882124
68009991 68099909
146908551 147042142
173122795 173216914
178852327 178972386
162329564 162435313
154980834 155080823
175723438 175808026
202038193 202154234
91635973 91764466
96080350 96164431
96564699 96660709
56490315 56643336
160124413 160280089
165000425 165111048
181013963 181159702
183744920 183862626
178202497 178324918
139378583 139517519
141403334 141480813
172882441 173027295
245441127 245531825
49583276 49685889
129254437 129411763
197514087 197617106
199102233 199193866
217271807 217404810
202246774 202380901
214477968 214586801
215132722 215218431
172536165 172621658
202021544 202135393
175079431 175246617
48294303 48441982
34371523 34484478
130369509 130513642
144617312 144709312
170968002 171107945
197075415 197176810
221658380 221767234
183227499 183322917
213663427 213782512
195221846 195333364
95485287 95641874
