28684006 28991794
25328278 25499375
32203764 32393672
29600426 29785024
26884635 26997338
26122344 26328658
31709409 31906649
47367462 47545997
45596938 45711385
25087164 25250328
32071625 32242980
31761416 31896702
27783512 27922642
32849365 32953153
25771079 25939248
48098256 48297307
50822581 50930043
67510547 67652722
57923900 58036974
32229312 32360644
27409530 27556631
31247276 31462292
23042745 23189392
25964181 26138458
25827871 25984529
44813995 44997302
42771194 42920384
36170183 36297033
48907553 49074278
28487559 28630639
21714084 21864810
42873860 42990664
48244339 48460430
54242514 54393210
46190068 46329097
27244463 27479014
56310189 56440474
65173824 65341721
30842526 30998561
24229832 24423910
27192627 27321490
30413453 30558871
44816549 45009604
38581619 38696777
65065554 65222677
44781767 44935731
31049959 31172830
38225581 38432241
33544337 33670532
35687225 35834968
48121988 48277154
59703641 59816272
26433300 26630333
31617484 31752278
22679523 22795359
41149526 41330943
43490140 43633580
27140212 27312046
29756673 29884303
28018986 28149027
41481392 41661436
44984384 45124831
48110421 48240350
67642616 67803060
44157265 44286120
34653781 34833596
62219478 62351084
53972313 54092118
57881648 58028828
46792238 46919704
33210912 33385836
33126499 33278982
36598231 36742181
57305967 57454702
54000672 54105088
20501973 20682647
51396395 51527323
70492799 70712847
56708527 56841569
37925925 38052504
29914334 30121585
32483777 32686481
28065986 28196642
68774995 68894605
72885739 73038083
43546287 43658430
46625014 46807455
29689165 29847982
67195873 67354599
64267257 64400692
67944557 68073123
33152837 33307170
28746415 28887780
88332389 88579821
94704530 94802431
77127631 77256600
119777635 119886308
41618624 41735330
28261409 28442882
64397255 64517790
77611022 77726069
88777224 88879513
37891666 38062196
101280836 101467556
102438859 102580078
89271842 89377150
118069197 118181541
85646511 85760817
29404439 29580893
29147431 29298360
23013386 23183384
73760464 73878257
82956086 83084834
78192441 78324242
57508375 57624034
28531451 28705678
25919826 26036235
64411499 64557882
79176471 79311835
73103621 73205322
28781940 28932725
26300198 26430837
24237026 24424989
38111321 38253024
36678875 36804345
40869220 41028820
37315397 37474240
22552125 22740838
44810383 44959054
39510853 39638233
40605200 40722868
47777759 47962523
22380460 22540386
47366058 47528466
27615524 27771387
53177307 53342860
49769768 49876166
31599236 31759798
32451236 32623070
33851720 33999639
24762972 24944122
32890590 33031062
25431350 25598351
24157436 24303841
48090831 48248506
62301918 62481760
57689293 57812887
48128045 48276731
60011038 60399358
26139138 26322949
56635835 56779111
79537308 79645333
64203843 64373112
93384160 93501190
29308562 29466716
45605736 45762066
55586775 55696381
60154653 60260626
67012122 67120362
23507483 23641481
48277785 48464065
42752522 42933678
43759527 44098318
51705653 52103157
32376963 32510551
44204343 44330488
50674609 50819672
58679073 58815574
52956595 53130853
23065575 23215268
53344816 53472048
67121287 67333946
48603592 48761837
44964135 45069747
23958832 24127660
105553026 105729163
85297125 85407348
71669748 71792782
109089128 109203439
40720766 40858638
65965651 66090968
71194681 71311751
83673571 83921094
26036045 26219046
21156470 21314098
25264390 25872233
43126517 43499901
49827887 49939132
22133332 22306044
36475655 36596253
22205868 22357553
27996640 28146237
20496844 20615997
28825865 29002439
24037807 24186071
23783885 23909908
35384735 35524843
31306080 31452108
32351577 32588158
31576897 31770297
35778406 35900297
30208546 30354111
38314785 38470697
34499770 34662497
34168765 34417229
44709076 44861930
46553069 46650843
29529360 29669800
21942022 22067637
29955833 30141275
40754088 40904941
26788393 26913069
24988576 25150398
23549886 23702846
33422994 33638139
81720658 81912806
64384994 64521172
56639715 56746373
24632466 24833196
21588173 21755917
25151291 25344909
24429239 24595831
30042270 30190612
27088992 27254991
29457692 29606307
22616108 22792118
56559939 56687244
32927861 33052507
56860791 57003412
60206353 60359457
31597265 31734172
33872945 34092685
35078567 35251605
31073901 31250592
33952430 34076518
19083581 19214492
25383817 25563253
30862446 31026532
35576926 35710677
32939468 33100474
19318158 19467519
30453207 30628963
24467844 24617561
41716127 41921002
53019678 53191785
38395782 38537460
24565617 24738334
30841407 30970615
20263821 20444800
37209278 37342033
34739049 34846447
23331172 23477443
27738240 27878068
24696963 24875410
44157758 44289573
49772279 49906777
26239280 26383447
26218714 26372260
33537353 33733049
35759024 35936022
42101959 42269157
32038265 32200575
26129526 26254925
25141236 25301585
33711882 33896622
55717153 55848840
66176546 66293108
53396305 53513082
23772824 23928553
55900089 56086531
67090399 67238649
62365652 62479179
69909472 70034094
37474248 37594485
22655795 22840110
38117396 38261303
53034394 53185162
55579209 55702964
43800362 43926650
31527487 31706661
31459574 31613642
30796848 30945599
51591870 51724749
54951692 55070605
33284965 33502063
22896363 23011038
30660124 30862448
43944173 44089598
41419369 41527762
24810531 24945915
20610888 20763071
22560520 22724233
29885232 30031562
35238670 35369240
28721251 28846455
26743840 26865504
34036871 34256768
54027468 54157592
61994841 62185775
52875749 53020208
53493103 53701883
62146468 62346450
63249615 63367308
78568393 78713127
74114781 74224617
78148248 78298508
58164899 58360092
48558960 48686107
22601903 22781965
52723925 52930918
55066883 55186281
45081231 45279735
43933072 44054087
22202380 22367454
42717948 42904073
34327392 34509756
71220996 71360477
75610349 75792001
59839556 60044609
49776922 49969975
45550543 45747304
27211151 27381458
23860072 24048720
32324020 32475216
29392738 29607510
34605150 34792430
47974310 48179707
40900978 41092459
24652505 24855407
22702595 22918279
27045742 27203069
50992294 51176830
43077978 43253989
53199219 53352643
54630150 54796231
36183656 36376615
23115565 23302649
27584412 27770071
24204254 24384622
49105847 49294544
68384451 68542237
71509470 71614363
25003140 25192381
30470647 30620954
22878987 23066163
54869574 55040510
55155877 55252277
29054169 29205102
24930326 25081788
54380450 54570576
42755582 42946668
50441476 50590535
32375510 32502103
32859641 33051470
47297017 47485473
86603923 86813763
81514590 81700328
110166631 110288237
22833619 22974213
30392073 30586494
25822233 25999566
61398445 61521172
77482229 77606898
40311142 40466207
30390023 30581584
25816332 26002271
74288700 74440761
86250927 86423893
75618748 75713096
37288547 37490203
29478524 29675561
24882914 25082724
32170492 32347929
28331835 28531671
81616502 81739807
82136345 82243746
90382277 90534527
40965519 41146920
20221125 20431171
99316114 99437901
102965147 103071266
106252337 106662248
89001206 89169926
45657688 45806878
23284206 23480366
100630607 101034178
107658389 108252280
108330006 108430647
74891779 75046509
20717100 20922971
108132821 108274101
97356645 97463577
106578600 106702010
122510171 122672335
22434891 22619017
65579216 65767546
79482098 79640586
62360685 62532200
83701020 83809354
39801992 39964551
84440673 84562136
93368500 93507270
106275178 106377712
111308380 111474912
26109863 26313636
87602501 87813250
90656808 90795260
97445229 97599237
95283558 95387534
21124710 21308087
79027677 79227012
95022522 95174723
101479125 101620825
95048733 95152622
28062565 28239324
38735582 38930962
49576945 49719323
70263065 70391150
61081086 61187820
51958069 52121611
28986297 29180871
39459251 39596719
59550173 59686933
61624875 61759829
46743024 46923634
34095495 34342212
27761703 27928986
33913312 34053418
51181392 51300603
36869606 36977681
47548080 47706153
28410537 28568978
28093186 28215737
38704801 38839427
44089262 44201431
31455335 31649453
23700819 23857606
33054701 33246745
24380356 24565784
26295911 26450465
42058341 42257108
47928970 48065738
31386301 31531698
24637404 24811609
22774478 22901240
56670322 56809710
68097971 68293981
41106996 41241261
29045727 29214725
28011095 28144383
40524419 40699694
38203444 38328923
27620325 27759460
31129946 31325920
27261460 27400736
22372787 22553267
54615592 54725639
59238970 59377716
51454814 51595780
59411868 59546391
31940931 32139387
44303447 44489716
54582843 54684059
34657664 34802329
30190310 30334012
29395102 29568032
22921616 23075037
35273652 35428325
56075339 56244488
42260500 42421473
27907065 28080426
61092333 61209702
78532728 78647156
81848618 82021084
29068857 29226073
19679727 19854177
27168289 27285797
49531217 49645796
85221617 85346987
44886322 45031102
22332118 22510867
27643733 27782466
31816671 31948780
37317531 37444661
24554802 24692748
41011753 41193250
30003238 30146272
28728289 28934026
61161074 61345671
69137607 69256990
30796066 30962817
73154356 73292551
70138178 70322486
43507669 43620471
53230840 53369111
41561408 41719254
25521892 25672615
48733666 48944045
26235441 26452267
60274673 60388814
66893269 67052065
39786527 39955743
38333875 38506395
31675563 31838425
53177438 53343098
53097039 53201772
64201163 64310472
61260101 61404471
65477637 65648003
69713318 69863123
73589203 73689479
81557346 81694074
47427057 47616365
33213914 33357392
54616629 54798513
60716820 60873292
59027960 59142617
53543511 53733741
44288996 44427157
64270888 64398643
70646284 70824868
57914975 58023841
37232625 37394732
27975969 28130849
54197835 54396153
73760807 73935936
104712188 104816181
61061524 61191468
77446857 77574403
26851049 27059590
63757420 63970326
67741781 67861977
69030247 69152835
60199041 60314099
22329041 22514868
20373711 20553399
86241246 86347295
92504436 92598215
94945629 95126556
35858404 36033627
28957605 29138271
56447206 56618142
60093480 60186035
49395544 49579331
46826752 46946694
29925226 30120804
28205565 28346933
44816825 44990045
32535023 32696779
27809357 27942825
30271444 30413837
49214318 49374056
26951978 27129979
32196287 32368815
30101535 30264353
21385474 21560773
21527164 21690779
31290706 31501728
64957806 65092707
78069438 78213131
54887418 55012062
28550542 28762647
31595633 31799003
50534688 50712667
58242160 58374076
32782362 32940837
30804785 30986538
32487979 32682013
48895254 49027910
70875621 71011175
82279015 82435106
20119411 20272139
26950004 27144549
81807139 81952162
89846231 90010208
82827322 82934426
41867904 42035602
28614997 28782858
28765920 28966436
116777065 116957349
121504929 121601609
122582923 122690111
134136871 134309106
42688134 42829033
61362051 61554893
108858607 108979459
114947737 115143325
93029712 93186788
76112389 76244412
32514719 32694896
37690319 37874799
87358566 87476226
97775189 97868821
98730610 98926703
23049145 23235879
27446442 27598916
106066310 106231566
107797362 107894775
114687030 114821592
57819387 57953780
35445037 35553305
90692063 90821087
107742694 107858156
90722010 90853690
118267324 118381545
146792420 146955720
100240677 100356830
76615648 76720256
121238326 121338901
127771296 127950165
93040466 93163078
111871670 112153273
112531202 112639637
117469160 117696693
133379474 133560081
128863213 128953487
131141744 131269638
120816537 120925397
139175120 139339410
134194177 134330397
137834281 137949144
94455401 94658127
89246044 89358401
90327595 90441645
91045549 91152080
96118444 96307360
49868381 50044285
44206668 44316285
99565078 99751276
102523959 102625861
93654096 93769797
60430409 60610417
57804428 57936119
24991190 25134533
56754717 57120662
58490648 58602522
48431897 48567756
56080761 56225649
25682875 25865809
44334284 44502403
72668724 72857584
35452833 35569022
54210864 54392144
27488283 27682835
64234184 64459466
60484879 60599721
68703954 68890346
84018755 84150669
70087041 70246388
42573520 42796307
46008025 46160599
34860531 35028113
39213659 39374919
28952650 29143797
59969012 60168092
59966439 60145432
45484867 45660940
47836235 48015578
34099101 34268158
41696286 41895499
62020680 62178346
35704540 35861875
43658094 43842525
50809327 50911247
95044080 95262454
96326585 96426652
98705554 98860207
93737711 93864514
32421203 32552049
27984379 28218656
28513659 28637982
30983089 31118265
46800655 46912436
53545700 53691736
39695426 39876368
29768490 29921215
84463788 84651921
77545293 77682761
69764946 69907367
35210877 35371440
28962143 29157388
69420920 69547312
79624171 79777943
87349530 87444129
47227298 47608156
51416660 51547225
64192124 64384427
69725456 69849691
59829642 59946553
46939606 47086520
44627339 44727133
55897214 56068122
60967907 61125075
86655078 86821233
48871104 48996598
57170943 57284321
38999987 39121206
53830874 54006973
47656950 47779448
67712705 67821655
84961566 85105268
27658201 27843173
48448913 48556867
51796423 51976680
26818840 26969030
36542986 36687463
42488983 42652590
58650774 58841930
69058364 69162161
30148448 30318949
27172853 27306729
28507902 28684508
58165674 58306270
81228415 81367808
60348799 60502400
44953897 45125484
29589040 29805083
52593845 52785057
54224192 54379341
56261253 56366189
32550885 32683890
30900935 31085879
35049850 35244401
51211952 51327280
73340653 73502235
43514811 43636808
27082787 27235912
28010871 28218827
52848956 53040619
65624660 66043078
70369823 70523474
39052355 39206311
35443564 35629051
48469783 48649661
69854386 69998212
75186757 75342464
59340535 59454449
26061461 26225947
32489092 32692612
45757561 45975778
46618991 46725917
31131895 31378541
58301676 58501023
56070155 56191950
44735523 44937036
52079694 52229704
23275035 23476638
22483116 22696060
41979441 42150741
64496175 64677412
49440004 49614878
50312329 50523274
28418973 28595931
64974545 65135780
82957850 83099783
68745691 68907959
32006611 32198789
24442740 24600112
30009529 30218831
38204372 38321721
32202936 32318556
29338962 29496969
23795997 23965612
20694424 20863177
58530229 58700510
55501048 55659211
43025656 43142419
32589724 32750590
26540930 26752297
45056723 45230957
67203140 67347723
115350052 115548759
85761544 85912485
38856405 39027852
54882466 55077314
56183524 56293850
32333662 32511075
100553218 100724453
100328892 100467334
89713765 89852014
90251236 90356933
31806706 31947519
42471234 42652746
76644674 76751449
94353987 94516175
91913055 92046852
60985116 61121470
32781416 32964368
26606439 26760080
83964837 84119079
87782415 87900899
92265319 92366444
26752220 26927998
32874743 33057575
62190642 62337726
76689773 76844617
56145407 56263675
32257568 32400065
23861060 24027984
76139045 76331001
78476826 78617737
111437160 111562124
83509767 83638945
50208014 50332975
20355021 20543872
81770546 82037772
105676184 105794064
107537750 107709503
89280625 89480694
23897382 24021518
104348640 104491313
117417150 117592723
137890372 138058120
111017211 111123145
127821299 127919659
78080340 78308806
102241811 102441444
95089279 95198126
112521291 112625187
121337032 121478469
95223487 95443293
108933484 109056578
123243864 123377403
141354622 141462761
120978020 121085834
23166655 23372348
61150363 61290742
101389318 101528176
92829488 93013021
80101204 80218537
26714934 26931699
36120891 36287210
37959256 38114778
47664701 47785998
35392596 35530763
35315629 35510147
25806447 25972447
32956433 33146933
57255371 57458309
64860921 64963240
25854374 26056406
19002422 19203042
49408883 49544679
55782989 55957682
27132346 27306052
24483975 24633631
26914450 27114253
114304288 114504099
121104519 121278623
91096904 91301813
132224063 132367873
28544306 28693351
71504463 71692302
80167161 80271142
62206017 62385468
71783207 71925812
45408619 45555478
29786904 29994191
58660073 58837042
52953233 53070009
41859727 42000281
46873138 46985621
31495688 31702930
31318210 31499387
55179065 55295303
71555961 71731289
48582765 48722189
31682609 31893055
33604008 33783127
63360072 63563747
64833189 64988959
78927739 79028285
31413432 31570870
22054739 22212021
33205114 33406991
26402586 26587138
28681644 28827871
30090022 30289216
57638228 57758274
65582976 65741474
59182300 59385014
49228268 49369530
32666366 32889236
48656270 48850642
52285004 52446077
44029236 44157864
27827153 27954696
27344841 27525594
26134191 26292544
40547897 40687146
43442951 43552627
35942484 36086117
50484842 50676341
41560117 41674688
26346239 26488655
35142700 35304911
31422884 31559204
51923481 52126745
49000805 49143732
37693763 37871051
44827848 45005472
35163930 35320962
46647364 46852008
38472647 38656968
39447787 39649538
55112724 55267424
46953228 47092181
27109382 27304650
40752706 40985363
35393797 35501193
37682384 37894017
25949667 26149344
49969091 50113358
45805635 45934526
25794144 25951675
28173084 28341184
32054038 32220893
44179513 44310024
43738834 43853549
22244726 22403513
33589674 33760100
29830280 29991418
34572462 34736017
27862304 28061198
30744757 30883908
43579753 43763948
36151106 36341961
26877894 27021337
43609353 43773632
34098171 34281054
35794405 35964253
26771622 26913950
30459544 30627123
29232454 29408385
28658408 28832497
23669322 23841444
24824772 24974857
26666582 26834527
33967846 34142846
22128024 22292636
32279662 32423777
37595599 37743605
25236492 25376542
34493613 34619119
34391110 34510582
24355953 24528100
38870397 39045404
23640705 23791473
34391153 34598403
28898097 29037508
22262477 22456569
29008478 29198701
63218210 63355915
83359908 83475375
67780084 67896171
20317238 20465344
23404836 23577892
32103110 32231348
30499293 30640190
26388145 26524864
26013219 26166261
36226459 36402162
29835402 29985075
26978496 27107552
53169785 53319656
50854207 50981382
170462134 170612918
154051258 154226169
195696495 198624977
114148262 114320998
68384029 68580899
34748339 34923138
30971399 31096280
83533952 83699862
84868642 84967377
71335159 71435879
29049245 29180432
31737732 31888964
70501065 70693319
77438583 77563059
78729235 78857167
55661950 55788033
25957147 26074541
49799608 49970286
58396877 58582608
29033618 29219378
40381703 40523214
41760109 41880030
37471072 37583363
30492124 30622351
34012237 34180499
20099365 20219661
37796731 37920232
35627427 35773877
24451234 24585349
52662707 52846685
43156344 43259931
41630794 41829005
66765997 66874496
47165433 47285218
38591329 38768333
43347423 43470268
26899806 27053091
33770485 33903878
28720182 28846627
42819208 43018223
32513658 32681550
24593957 24738086
34292353 34456868
36867384 36999468
32865107 33023643
34406219 34581913
22298896 22469797
47458955 47649336
39951909 40132376
26147771 26308872
24035367 24215956
39681305 39901334
86860404 87003699
122409465 122598791
97307778 97444383
65620147 65807286
27660977 27855477
29564912 29763302
39350529 39504455
40168097 40318200
24442797 24641487
29669522 29843536
40480863 40642182
42967342 43082565
28565801 28711392
27485980 27585692
25929284 26065221
42792535 42952013
44966477 45081673
42430137 42559499
66418781 66559811
32418620 32565388
65047371 65237617
66335263 66436345
71294863 71414967
78052967 78209785
52294966 52449143
34186494 34384275
20071842 20196931
83556825 83769164
61920029 62016049
71077177 71233860
41187700 41371428
28689709 28828602
94563996 94790674
90228709 90337549
107658341 107753115
59381699 59547683
42238380 42345300
94299414 94496010
97151068 97252406
104540900 104644870
76559601 76688574
27152885 27325236
78426733 78555415
101757341 101896275
104028688 104121595
77706141 77829667
34147184 34349944
85501531 85619501
94033021 94137826
98261791 98394939
110454385 110597315
35110006 35277673
64575354 64817876
54991589 55117010
44755340 44863444
60587927 60694343
24844412 25015432
37637570 37805201
69925346 70088653
70514876 70663683
85314760 85423555
44560121 44705762
27453023 27617074
71835542 71964658
83895739 84056131
74405115 74513562
26532396 26712405
33393264 33524777
24974803 25166354
48845109 48989690
84271295 84387813
34285817 34433946
33306450 33441481
28924503 29129165
34095204 34264701
55927096 56064810
44795039 44913699
27661498 27849862
27673480 27847663
76801859 77005261
69669338 69784710
106774405 106895054
40825323 40967590
34869886 35028950
85922994 86033862
107561463 107660616
115332612 115554936
78220168 78347478
28411668 28558861
84102724 84327262
123065551 123177118
93307030 93421694
113352837 113478805
68722960 68832368
22695397 22893207
51335328 51471765
67345446 67479730
57644157 58040913
65544838 65674938
30885699 31076118
38194996 38360693
35588075 35699986
52995569 53114999
49815718 49954838
39938104 40110493
21034754 21228200
107195046 107311871
115706851 115805399
121215557 121464357
123741784 123826839
45635705 45806686
39807538 39990471
47797975 47952661
68163878 68301327
75053857 75206694
43530600 43669046
38930373 39107139
48403612 48578272
67715879 67833550
66434969 66537575
72744473 72901557
26375329 26556442
29103593 29245978
86525563 86664369
87020742 87115742
93626948 93806168
23583328 23821262
24880815 25012524
58871408 59067325
89038460 89192434
107760593 107866821
82489958 82635661
49436370 49594764
48528419 48735296
54770414 54879257
58984656 59120845
49611834 49730090
40645147 40833614
45258741 45448390
43220414 43343737
26897928 27044353
39206862 39394238
44733323 44836981
45299445 45419339
46869028 47030358
46082701 46211249
49488888 49649033
33488315 33657152
49951775 50087441
60155263 60287082
49722749 49924135
36315734 36461447
41355097 41474139
47292406 47427802
48116804 48276820
25999077 26176843
34804256 34961201
36171319 36297682
23504059 23654337
42126226 42271540
38881277 38984099
38169691 38301589
32169704 32274184
20275972 20428603
35476047 35594133
67773181 67937612
46331581 46441153
48440068 48553138
27427783 27616082
24624223 24822753
52672003 52807195
72466366 72581588
74907686 75021259
35531866 35673178
29798202 29973411
53578897 53744825
54576689 54679587
32218262 32375810
23321963 23495358
78195408 78356439
87940907 88135626
84101403 84427462
26776812 26927157
30956514 31126747
70072598 70309258
59050694 59234666
36437098 36571519
24233043 24352503
24964218 25097386
36456624 36629007
63507648 63630669
44003866 44119568
31907390 32023593
33880453 34003366
26947210 27116790
33739628 33861540
35145250 35291602
39709849 39829763
43670650 43794189
26120265 26279439
31960002 32100617
29891947 30047881
46120790 46268296
51117769 51258610
26637034 26835754
29050709 29235698
22225461 22404451
31275249 31460468
28529508 28675305
24253145 24419946
22434070 22553316
30121450 30280949
30783309 30983601
87875034 88074847
87943374 88030484
110604860 110706674
53689098 53855821
54049863 54142709
55194991 55406070
96342847 96467970
97596430 97709578
61326382 61442223
47363799 47511141
34354768 34541758
40899171 41043350
33384201 33496905
53599664 53723642
55130986 55243314
30340086 30528989
24285432 24438021
31804950 31955695
42078475 42178665
48290663 48457794
21462966 21643476
27582929 27738400
33564622 33690881
36103159 36270154
22981030 23146193
28135803 28274878
18786406 18923233
25941899 26054901
45246293 45401143
38043175 38222027
25912506 26087731
26102107 26281874
31240289 31369503
44575157 44734777
37531602 37665229
23180415 23337746
58231224 58437954
47110880 47275973
30928969 31126858
44476463 44607334
59446271 59648716
33684695 33889705
38798608 38995188
40682361 40846739
26960531 27118385
26666732 26837156
24331871 24517232
34602821 34753397
23320494 23493030
31261633 31438071
29793727 29987492
40265155 40439408
35775627 35963258
34649760 34845550
29080301 29269663
27822317 27970603
19594067 19794936
24013995 24179419
18902388 19108434
26520853 26680067
31683771 31862794
45906953 46098115
41340864 41507651
31066382 31237114
23864861 24038507
24445328 24640226
20792764 20984288
32880264 33055577
30738292 30912466
40986033 41165461
35742745 35914931
35517445 35728146
27091272 27270853
28706530 28845466
47476564 47707771
49098040 49189829
52818380 52932769
56502632 56685786
36706246 36908268
62598132 62799926
57226627 57339151
49713472 49899156
41974226 42107134
31090550 31279167
72524793 72667069
84087932 84222839
35002539 35113062
43551656 43721127
30146443 30338991
29088419 29264638
