89408240 90062758
30513110 30802446
58517332 58757361
27578246 27863765
27257358 27493525
34931975 35187178
28022103 28433438
40392949 40643591
35296305 35588930
31922503 32163025
33527530 33743811
26332989 26596725
29298304 29546904
32070352 32325283
36145082 36387206
27295856 27526152
34390696 34649558
26864687 27123235
33360270 33589570
39347276 39572790
24952432 25168329
28403590 28646354
28827372 29136150
31764585 32038009
33427955 33648125
31163801 31543522
26241450 26470245
29560202 29785410
28757631 29010296
25928556 26166574
28176479 28404701
21820911 22047406
27285995 27515985
39804321 40094348
55327918 55679691
35383739 35642955
28424378 28711472
26312278 26586086
21087434 21340026
40107742 40337252
28143337 28355142
27318750 27567333
42650208 42882118
35249348 35485835
31452712 31719333
45031504 45274132
26032724 26252299
27268836 27503091
32128896 32349511
27436614 27663020
50783053 51194488
87493983 87737940
29642059 29872382
36187776 36426398
27237596 27476668
24598874 24808093
46863077 47104536
34016974 34251718
28767797 29016897
20751572 20973306
30621454 30873215
30123160 30344919
22066502 22293772
24152846 24371394
26495895 26735369
23420595 23654821
30603588 31033202
31995042 32212808
26615479 26833863
24473386 24677835
31175935 31403162
20625513 20830873
26958499 27169246
34781708 35608303
32797894 33895902
59212159 59464786
27261512 27528111
31335244 31569406
33732776 33962463
25382366 25621191
27175596 27403479
28448033 28678887
29470979 29688581
30010692 30260436
20888454 21147639
33554702 33800988
32476437 32694551
29049179 29292273
22642436 22903445
47597191 47824466
27439227 27649859
25182173 25403303
33654340 33862632
27142726 27347440
25870285 26102905
29560002 29755432
28224143 28447079
27075495 27327287
35778684 36919660
35796677 36020057
25711599 25926035
32329123 32552050
26737822 27902190
44426659 45616466
20769827 20975080
27165625 27471746
25405630 25631255
32205392 33187820
22321145 28376941
23357063 23598543
23754804 24011159
29462844 29697966
33119995 33344519
31223042 31476818
23259942 23473886
26717827 26934295
31010178 31224454
30682922 30908269
28065337 28281329
28014391 29122369
37234766 38347655
29845122 30932531
35156615 35382658
25072374 25318930
26931850 28061632
34102619 34316785
37377309 38345605
44628852 44851557
57112729 57364654
27967194 28200620
19915770 20167592
33734429 33946608
48547464 48806694
32576864 32953252
25810863 25992665
27177730 27395700
26866490 27072539
28786743 28990384
25122426 25342828
27112939 27413202
24282855 24506864
33244233 33451484
28281197 28494114
33099878 33351442
35969103 36171407
32838807 33058345
29189301 29394600
31954536 32190372
48571398 48913135
31508828 31764253
30219771 30449789
20717303 20912594
28232065 28461633
26954008 27155395
33361394 33601298
25012812 25228716
31601332 31816413
25830019 26078461
34491680 34729488
25112295 25321996
27088053 27301238
33170153 33411413
26252417 26497898
53057075 53316834
32922872 33144203
26666944 26893638
28826543 29038504
28650850 28849940
44304526 44544879
44213172 44420394
31256315 31460015
21554468 21783528
36634765 36840644
36384981 36599421
32483886 32686263
25534721 25736502
33696170 34844823
29179079 30363705
26961622 27189637
28975577 29208183
35198940 35476298
31001619 32138952
31644603 32594686
29845111 30065244
33096409 33302184
28992683 29210065
35937317 37073878
34123137 34946286
31580165 31787426
26247099 26474453
31468764 31671214
40615264 41699399
25094682 25801457
28600727 28812494
26740663 27022837
19097098 19306841
29463479 30593879
24698161 28913427
26841158 27086631
56837252 57079663
33141551 33349240
32249934 32452912
32613187 35741852
31972440 32207903
29358191 29563004
32270319 32498492
27385939 27596769
33909769 35022329
31516517 31726424
29546304 30650996
48135785 48386499
27202330 27704078
30498365 30730010
24798297 25020105
28753608 28942875
25146378 25337470
42507045 43583560
24460818 24647077
29242323 29453132
31638153 31832541
29873423 30165680
24024507 24304960
31295992 31548491
32437419 32661778
27502536 27813366
27214051 27421032
26525963 26738490
30192990 30401129
27829668 28033663
27046997 28138451
42972404 43210032
82885535 83132778
51668428 51930052
51113837 51357671
61633555 61851116
56376679 56595425
27761664 28018948
22674311 22922693
31040473 31229233
31455087 31649608
44562825 44802593
29654353 29881271
26658927 26990570
27068198 27262640
22859206 23089471
24533772 24718139
26848734 27877590
23355552 24391853
27053610 27240108
23863585 24892109
27630672 27908886
29972915 31045927
26326777 27428084
32269981 32471182
21095259 21531604
22247482 22438221
34261390 35132750
27190656 28131308
21184899 21399734
26973673 27462063
32434530 32657126
34024333 34875466
26003509 27055154
23116905 23320552
26034087 26490937
22721437 22906611
26846020 27273488
47221415 48366204
25165341 25378796
27806688 28235270
35367332 36378564
28857142 29369970
21852649 23001508
29068735 29260032
26945047 27370712
31302957 31534433
25048430 25876355
32175981 33248567
32209115 32385417
33744892 34220738
27709615 27894895
25325473 25899979
30374235 31511240
33952933 34155828
20713486 21138961
26298906 26501747
34806276 35419232
25384060 26480649
32896257 33102171
48695328 48921361
25414319 25633594
31647917 31844192
35870029 36072687
32047085 32259785
33200369 33392893
25825025 26131294
36382577 36581040
29513764 29755514
29784887 30006682
22755994 23846657
26447361 27564283
50661172 50912614
28901066 29343203
33081093 33306469
33436756 33615626
42262015 42442985
35641283 35854527
31319667 31502965
31327059 31531461
35012112 35217954
32968039 33175895
27755846 27946578
26709192 26910550
24074154 24286271
21571492 21754527
28554555 28774050
34230795 34420850
32664455 32853796
28605820 28782607
24283804 24465905
23640968 24735137
36490688 36674334
22274338 22478229
33085238 33269202
32378528 32576867
26017942 27123858
26914991 27237930
32427525 32607382
25768860 25970218
32349473 32547793
25922043 27068955
27814428 28915515
23477955 23678059
27021033 27213725
25413076 25631582
34132089 35255196
27630542 28400212
32305692 32507565
28638487 28836100
23560601 23736071
26716842 27909214
26040186 26236481
33264790 33439263
26231723 26428247
25072887 25241251
26323601 27324234
21699959 21880670
26299244 26483582
26372863 26591352
24234487 24438452
33659864 34710440
31454112 31645544
34514409 34731136
22329783 22536551
32927818 33109507
21645501 22643937
27955080 28146862
20615549 20822465
19255732 19436995
27012675 27233464
31198007 32259979
35081287 35281845
33326656 33556985
24736301 24954256
25314547 25520630
32962880 33176922
48199517 48386785
26338340 26529494
25998362 26175227
20729297 20902986
21771692 21957844
21204195 22314769
25074318 26133558
26899178 27096925
23406125 23615225
23171543 23380607
31965618 32715312
26737015 27784623
19367615 19546478
26987823 27173148
36848158 37053716
22241043 22436807
25967187 26147313
28675297 29795974
27853602 28049075
32112521 32297779
20520856 20696494
28528113 28719925
26976136 28043847
27919606 28130129
24501983 24695434
24115209 24343848
18864282 19039096
35678055 36856043
27016296 27421374
32294187 32464702
26239907 26418487
32268656 32453154
18842093 19873582
35708029 35916452
34892416 35085416
28769482 28984626
25330215 25520786
30509556 30717640
21368408 21543559
38940553 39159891
47693335 47889809
35027541 35212536
27754143 27943248
71048023 71239562
25922557 26121673
23317900 23496909
24390455 24592847
23501372 23696434
26582583 26788006
43565437 43759048
28467438 28673862
21785306 21973584
21716783 21919697
25439761 25646824
22546931 22770149
31589762 31792940
29214175 29405666
22440941 22634538
25378934 25580026
25435174 25611232
24151817 25217144
33654605 33830565
27720523 27928134
33782787 33986557
23697614 24783581
28234573 29323038
44992912 45210760
25971672 26198466
32405020 32600278
30877068 32001632
24709415 24900080
31796930 32011870
21906987 22097012
21711084 21898620
34075131 34245605
25628691 25817092
33213917 33399161
24076696 24282396
26675580 26856897
30797777 30974985
26853744 27034647
26145118 26355107
26039521 26233132
29874798 30080116
30638570 30826578
22635146 22851140
26437186 26623430
42046157 42238529
26411643 26581943
21616180 21799937
29698905 29911285
31588660 31782732
30657163 30870470
31735581 31918485
34840875 35024030
34153149 34371015
26904248 27105705
26947128 27130196
26821812 27031414
31879019 32114406
20559236 20751604
31444210 31619250
32743702 32974530
34958678 35158250
19240645 19432468
23006920 23311562
28785920 28959866
27228192 27400774
23221786 23430762
30539358 30733675
28895860 29091509
27780118 27955119
27580422 27751763
32067976 32256261
26153439 26341506
19718934 19910434
36137201 36320387
31182671 31398782
31738790 31959160
24865248 25064387
26831395 27021297
29324942 29557570
26408401 26605530
26458301 26635137
31235209 31583717
30789485 30962228
32342921 32579018
25113988 26156323
29339243 29531767
32007737 32187766
30589464 30909457
20869470 21052400
27508907 28534088
33738021 33941312
28654683 28839860
30460127 30647894
26728384 26906250
24349020 24560570
19505981 19679746
29065346 29274172
26087605 26318319
25122055 25303174
30189795 30402152
26439110 26705192
23827282 23999092
32447725 32681072
26903588 27090408
27170111 27374501
26615970 26796332
26913946 27948923
27051857 27238615
34301704 34496514
33893935 34098938
25525060 25707937
29209762 30301840
24570579 24749821
32105890 32312977
30989012 31201011
29730393 29930853
26875996 27895199
47588911 48671527
24276664 24467252
29625529 29860264
28579700 28815569
35054354 35230203
27120702 27341960
27121749 27489109
28931527 29136931
26236150 26423899
32435821 32656941
32432417 32621155
23626214 23820477
30599598 30772853
31084239 31290287
23608121 23780432
29220475 29419422
28848938 29903776
26854162 27049028
28072368 28264952
32167123 32335057
28823803 29012148
23926133 25018893
27907118 28092809
22659389 22848292
29166158 29381006
32332857 32529001
28486386 28681219
28957499 29143791
26867187 27068861
32073920 32261842
28534557 28729509
26228273 26414450
40400166 44948884
24542678 24763674
25238746 25418008
29435906 29641787
31487412 31704161
31898800 32102025
36108670 37089247
25831660 26017936
29483747 29669360
26714677 26907091
29546861 29723642
33047914 34132993
21567152 21771864
23456908 23646864
28489983 28707776
30737607 30918478
27886353 28877719
21002643 21196817
27602920 27777429
26032385 26211353
28836917 29018165
24973211 26092595
31180753 31366790
20798293 20980853
22175239 22372026
22145589 22468041
32606387 33673570
30665135 30861273
21744831 21926370
27052212 27361813
36445540 36623370
20741819 21765840
26660787 26854301
26635898 26821819
26671446 26851201
33876006 34100136
75782404 76006105
28495568 28699435
32927622 33120546
26908262 27101173
21697186 21890777
64589159 64826100
27793853 28028643
26346078 26567047
41975938 42193821
31826529 32016335
32202638 32374847
23963870 24128649
27914869 28118150
29794683 29974786
29658919 29838690
27127065 27320817
26142560 26322925
20369555 20559092
25982528 26163918
34052495 34247278
33029769 33230647
33884714 34065928
28248125 28517308
22708762 22889847
34773274 34973139
33143731 33342730
23946670 24141306
31289019 32344099
30816971 30991282
25291977 25465479
26842757 27014278
24182691 24381181
34835385 35921826
22705237 23006229
22246254 22429749
32261646 32430576
25632008 26694577
27765137 28818327
21066036 21244592
26090994 26287012
28471221 28669801
28607708 28807731
20741536 20922787
33027519 33216092
26141853 26363418
31773636 31992712
30907936 31091918
22744707 22923091
29628668 29812913
21201664 21398964
33849912 34044186
23300315 23487237
48576195 48768337
31817634 32016343
35663316 35836877
22440991 22631644
30856108 31037098
32473368 32653495
27158162 27339067
32147502 32325106
31612096 31797841
36006693 36193937
30234085 30416559
32077190 32269584
24335833 24512496
22334823 23411476
26585110 26770214
31379369 31594428
26809141 26979244
33989977 34168980
37563982 37751383
30882177 31089118
30804889 30991887
26824657 27026056
27966510 28162046
25708383 25880040
27480162 27652945
29807424 29987053
20572757 20772713
22309520 22478661
30152860 31089530
27615493 28716771
20919636 21106999
24589469 24768969
32714215 32898863
29559930 30617401
30950066 31930163
22784630 23026151
21142695 21339233
22793070 22963302
31878989 32583743
25002148 25780422
30928498 31347703
25084337 25256426
20684852 20897310
21778688 22534659
22831175 23405862
28105861 28530945
21277659 21470254
29679671 29845541
23428670 24348995
28597315 29183662
38148633 38586626
25094926 25290199
24974974 25142529
45026709 45695542
22466938 23385431
25319369 25742626
21864592 22036532
27219328 27435629
33173316 33996312
23061668 23976885
30874335 31342218
33071576 33239803
24400518 24589195
47638719 48432096
30379767 31084660
48321773 48790897
31413217 31604151
58700653 58892339
27117560 27313560
32095320 32286447
25228940 25437353
22785518 22964082
25865239 26045168
30978685 31204320
30613191 30785785
25935176 26111894
28393910 28575044
35880890 36056847
34833901 35024389
25137490 25311974
25935111 26110636
20187675 20380866
24772049 24995802
26726223 26947680
30634749 30806170
25969561 26162267
27040930 27245517
33109535 33313278
26812514 26985793
28942246 29137648
28838287 29847379
32809239 33904456
29975904 30174068
38862128 39058040
42361855 42548774
28532317 28697199
20732399 20919478
25367708 25561760
24958001 25146260
32289718 32485433
22009290 22986026
28419068 28602873
24185761 24368871
25097638 25280697
37313355 37528290
26854776 27909870
28474954 28661846
23491282 23656009
26713420 26905896
30385691 30579367
26741702 27791349
20667305 20840619
27664391 27844985
24366381 24555601
28695992 28882363
30994515 32023045
27009084 27202488
22863925 23043145
25622312 26457276
33506396 33680868
28613567 29365671
34817937 35010574
26821515 27007924
23766539 24878257
26384444 26544899
26205233 27268091
23414842 23653111
28560190 28826284
27853344 28972366
20708671 20886842
25977636 27127029
26618428 26784973
30793634 30989554
20774622 21706868
33879452 34101356
28374057 29501017
19130309 19319692
32709617 32898449
25790400 26187018
31851136 32043491
31050511 32123309
25442448 25624915
47880483 48076106
21763190 21940184
35681860 35870100
23726395 24762598
25006962 25200062
22148088 22323034
26475197 27582543
26897448 27098794
37814989 38577765
20594128 20759614
27961201 28152161
21289966 22401201
30173097 30363387
21711702 22668167
32102639 32281564
26670695 26846482
27793602 27972613
37675781 37860750
21860190 22033455
32380466 32590144
26116350 26298719
37923030 38110172
25242383 25422493
29106135 30215373
32738526 32953602
28583352 28775528
24943229 25154922
27221098 27417543
26259827 26469869
32441702 32611820
21528661 21709329
18908040 19103162
19102027 19304363
30208709 30387353
28912098 29993133
30710131 30925037
23705250 23877802
26692023 26862237
35920367 36106918
31307952 31522191
27037355 27221291
28004979 28193241
34773921 34969938
29511386 29690808
28529492 28704203
31872489 32046852
23379759 23555764
28111964 28276576
20838275 21906854
30129246 30473406
20965855 21199180
35995474 36203216
26235590 26398931
29658588 30709869
20940407 21105343
25099279 25287482
32227123 32405429
28384068 28573322
26827339 27925251
28599307 29097058
28855069 29034827
23944296 24137608
21932532 22104636
33730426 34808834
21426658 21828801
27730682 27918968
28723885 29164573
25845896 26018815
33427206 34485302
27072039 27728101
33309497 33489734
24020889 24421319
30790238 30975680
25417627 26063498
42868440 43913183
26771338 26943039
39535460 39979038
29024019 29191468
34082546 34867463
26147555 26915034
27360435 27541679
39690979 40149827
34373867 34552904
23800107 24927314
26702608 27209574
20765484 20958913
44247011 44428510
32442273 32616091
23966778 25053371
32051245 32438134
26847980 27033877
26980839 27160891
23592577 23793993
23808461 24843118
34077740 34275453
27318598 27547814
26756248 26943799
24389768 24574752
27008474 28094776
24083756 24254744
37939748 38129310
22485967 22672797
24921291 25105665
26693109 27739290
22598335 22785298
22941919 23121173
32556866 32753314
19146021 19316466
26894486 27903587
20398323 20571162
23325709 23518695
29377360 29561884
47548366 47728411
29861701 30906391
22256617 22537312
29570462 29765837
26092647 26271626
26918276 27120123
31520851 32581005
31517499 32598557
28614045 28793213
27675920 27877920
26975562 27160925
22147494 23101813
23567041 23858612
31046509 31225204
32233136 32429744
29313535 29494253
25719067 26592235
32959212 33166524
42280751 42457513
23954813 24116908
30397451 30574823
31834892 32722139
27134137 27318368
23140413 23321388
37328293 38182521
26412243 26596209
22506936 23550165
28916102 29164408
26549189 26741582
25264634 25450575
26889181 27126722
29462600 29647620
23318319 24331218
28692589 28894253
26699410 26892259
35518184 35709988
32666156 32856316
34504168 34683230
26755248 26936222
26893841 27077069
22158165 22330217
27725473 27915112
32037958 32211123
30330848 31408867
25570203 25782780
20718138 20904935
30932675 31106206
31942522 32125539
29667097 30820168
29760967 30866090
28292937 29084809
19711108 19882710
25999226 26179942
27952971 28997920
25220172 25421150
25189236 26238795
45396111 45590149
29659492 29842374
26021262 26224196
32482965 32652617
21883989 22099015
22599496 22784519
25231496 25399368
27851688 28024469
23673547 23849964
24509814 24688431
35743447 35932112
23167672 24335420
24806621 24972176
24149255 24333401
25581528 25763163
41137132 41309061
37672612 38786483
30054075 30237486
21175579 21365918
28471324 28654895
29528733 29707770
28247386 29315524
27215515 27381034
40759500 40926321
33398299 33570331
34731043 34904009
23878660 24865948
32475177 32657656
24982228 25173435
29664458 29845258
20865543 21091984
31109005 32271692
27955003 28142185
27961300 28163832
25018093 25212680
38399795 38580225
30411605 31480853
25506727 25683373
25933023 26158213
48206643 48429946
31305608 31514920
26853266 27047449
27012424 27206981
34103452 34283821
27281933 27502923
20777864 20950155
27130053 27298535
27335538 28510588
30016143 30194050
33553743 33758370
25408170 25583522
29267699 29469731
23966502 24158429
29799381 29995470
29665755 29837654
43787240 43975858
22968834 23160752
24269561 24455826
25323833 25541120
34923031 35093920
34612135 34846450
24338658 24516892
31171347 31354919
28197531 28370893
21023401 21207020
35547714 35723154
25142101 25311650
26316486 26492446
25033739 25242418
47614045 48699644
26891327 27749519
34020707 34186407
28811208 28978662
28616180 28803333
30829297 31661509
29692169 30699479
43145412 43329877
26734002 26918246
32734534 32913833
32054114 32244276
29379404 29543656
29851275 30033222
22547743 22759322
25966983 26144449
20319804 20501621
22154657 22319112
26318034 26497496
25995430 26214149
32429187 32642809
28640263 28811240
24833233 25003622
20595210 21677381
32589200 33555009
25087053 25266971
24594502 24766852
30843986 31014305
35854931 36936199
25945190 26970148
26042616 26257401
30888414 31984218
25239931 25415262
26792130 27196297
28001777 28415717
26971628 27144379
27901149 28931772
23968487 24191970
22389035 22563874
31869318 32281349
27704248 27874018
22554969 23572543
26366778 26540960
28858951 29036538
28779844 28973838
22663055 22851839
25745406 26789831
20927737 21120188
29875131 30064443
25122372 25305930
29324516 29501537
32365172 32978366
29382463 29548582
33766956 33934218
21182522 21364367
35697700 35881353
29031851 30076036
28759364 28927216
28780175 28953208
21369260 21588274
33765933 33939757
26604259 26804422
26324747 26508746
34828745 35045854
32637705 32820399
27280906 27469756
32007045 32198966
29693956 29891458
28979991 29164739
29426565 29797078
31686068 31852769
33494701 33671242
22416009 22602627
28916612 29108872
27084036 28232032
28717867 28899330
20794560 20974243
25968963 26150852
27952911 28114925
48183097 49174625
23931356 24754756
27200443 27404843
21195377 21366274
20745702 20904056
41060988 42127261
22655858 23662777
22511506 22721058
22224131 22387431
32173356 32381361
31044550 32075072
21431985 22510540
31612667 31806165
20768508 20940386
33535879 33712987
33826678 34802459
26140894 27246540
24947094 25108831
25795955 26056367
29816306 30036411
24402171 25081943
28466431 29516196
30316543 30479487
30925868 31101616
34564347 34768585
21728549 22058107
26108974 27175670
24933906 25090638
18869446 19015935
60807707 60978106
49042154 49224690
53911280 54100775
32657423 33012267
33786065 33943490
35355357 35533651
31672402 31836823
27882827 28044922
32553230 33527317
19108401 19258476
25350332 25512952
20343969 20509936
22889051 23074499
26799276 27632397
26066318 27131545
27460016 27620506
26017153 26183182
21177104 21404003
30773863 31871689
28641711 29148717
22273490 22432237
21265046 21475992
24059502 24217305
22204591 22932564
28658036 29397854
28475066 28649967
47713774 47876835
29728980 29901221
31921602 32930100
25269988 25647603
25732890 25929568
38732730 38921283
31323065 31505839
26711634 26877059
31050851 31221159
32124268 32318479
22087861 22241810
29389627 29564237
26849703 27016609
32192651 32394369
25848437 26016155
28749407 28928499
28696625 29746564
26291844 26529457
30258340 30421752
26911706 27081179
34082089 34246498
29475645 30538305
25535794 26554975
33191943 33357194
27100016 27263316
35040107 35195934
35098559 36192408
32571439 33069811
32648836 32844311
32130177 32290459
27025925 27194048
24910619 25995996
30763696 31208620
27699678 27866400
28648934 28797101
27986120 28434159
31998397 33035130
33649718 33995064
37294798 37471993
26806074 27009863
27028453 27446451
21952456 22952101
21061677 21466700
26734983 26902574
33114341 33304104
42777853 42948389
26493669 27516901
19472167 19624326
22347094 22503593
22737320 22912409
29237881 29402840
32845457 33890873
25177342 25368776
23938281 24109188
27034415 27193323
22309787 22478366
26905949 27096447
25134754 25334759
31522176 31700647
34853483 35021660
21422284 21577447
24156379 24321172
20769783 21739304
25916210 26085149
35735388 35899316
33004927 34001268
31963371 32152354
28169352 29206873
22605402 22772763
26751426 26919967
27886028 28846646
27133253 27310486
32410688 32803490
24308590 24472640
27758306 27912597
32407426 33439237
42423501 42651773
29470586 30509916
26679724 27078234
27813647 28019491
28741081 29430338
32307677 32472711
27546858 28330465
25810093 26210572
27892372 28055706
29472075 30141675
34992077 35159190
29760925 30384047
34279234 34678319
26657742 26830942
30587434 31372812
31729153 31892477
33624322 34228186
26970599 27384065
43682068 43877904
25537456 25697128
26861307 27046736
25026824 25214421
25026248 25212831
36214971 36387960
44606944 44782340
35582884 35773118
25385028 25553429
32999823 33158830
35563436 35731068
37732727 37906835
28823596 28988252
37249205 37415129
22675682 22868649
25284144 26413189
25171727 26223787
25595795 25775892
31604602 31776880
32260316 32441223
62542740 63512899
26915019 27084791
31820855 32036084
24092587 24258371
32494319 32690305
26366289 26545946
47673211 47854629
18914867 19065595
24281210 24456588
23189788 23390353
31462047 31618573
19200096 20084653
21183398 21340186
29547712 29708427
28925422 30002047
26850045 27002502
23238651 24201681
35314073 35493143
37496372 37673387
31192878 32255469
24160340 24336986
32158837 33131017
27449793 27607651
32972708 33143800
20988707 21595978
34617520 34766210
26754078 27871865
26783099 26959344
31091347 31257534
28441342 28818622
35342289 35549175
31398065 32490521
20633322 20818905
33071122 33241365
32019567 32421375
24988220 25145012
32867966 33705956
26763542 26941887
31353955 31583186
26585814 26975297
35355038 35523232
28873881 29875788
25563063 25716802
32802308 32971965
22318454 22717202
30040547 30230858
24405677 25338078
25226851 25414451
20958858 21129103
33998045 34431999
28066470 28238104
26711382 27674988
42077491 42256494
19509890 19720260
31466783 31866075
26811295 26975013
31313323 32334616
32866920 33040471
22365981 22550415
21682599 22105002
32193170 32357360
28695688 29307492
26479330 26701001
34724169 35103867
24306133 24740781
33287434 33445979
22742745 23520014
42712326 42878490
28033213 28467454
29345141 29743893
31048786 31215460
32961889 33123410
26138475 26294150
35935673 36131239
26230267 26389605
27429940 27619017
27127975 27280603
31654924 31846740
28617880 28797330
23498303 23665771
31323519 31480304
24064719 24228495
36864670 37032872
31301748 32275551
36255947 36416815
29198492 29355730
28102868 28278040
26598929 26748058
27585907 27735844
26695326 26902671
34508639 34669334
26552796 26727013
26177827 26355622
37430580 37603456
28197405 28382562
25105273 26130665
23252061 23406394
36213540 36435858
29972510 30221290
27928374 28116423
32399252 33503558
25412983 25565586
26321882 26482916
27962376 28132053
21086334 21255799
24892066 25967033
29268160 29429737
33786668 33980678
30675504 30822491
27901864 28087204
33536164 34585038
31331004 31484345
27639537 27851233
19167751 19342125
23229748 23603210
44256766 45291215
20977576 21152062
30448065 30851774
24229874 24582620
18586924 18747908
43969486 44841981
33106998 33268419
34913701 35299134
21389402 21546756
22368332 22748177
24082151 25117699
39334699 39509937
23988276 24361218
21502076 21651384
28659290 28829668
34102981 35206875
27980873 28128421
29322459 30271814
25367146 25543478
33781350 33934504
27350028 28426585
26718882 26899472
26920512 27969313
26826378 27269215
35871154 36032829
25196767 25575025
33646989 33821507
22129403 22924419
43451562 43916101
33121686 33286137
29839316 30192388
32072543 32300288
22129467 23098591
29439288 29898969
27327289 27501626
25231143 25631855
28246496 28415603
34848962 35869496
32971611 33352566
20483134 20639864
27087692 27463794
22398992 22573393
25041575 26040088
23694270 24160185
30808198 30998945
22357541 22512621
28718364 28875232
28775026 29890740
31966064 32121360
26981311 27166781
24289954 24494302
20637785 20823461
24798656 25528194
25742420 25907312
26441636 26609980
44679480 44897776
30204854 30380319
25154674 26178675
34421097 34600393
27637202 27802709
23216035 23402788
31428279 31623446
23909652 24936969
25763365 25965145
26115846 26263694
25901324 26073689
26867388 27039674
26479097 27200031
27628874 27799219
26808403 26985983
22479113 22677373
33265053 33429402
32302397 33375230
24433207 24593573
27078715 27261946
20811820 20975841
20638778 20811308
25977736 27044702
35329982 38603629
30449812 30617691
26718770 26886700
24072484 24230310
26972087 27931657
24056973 24256765
28721372 28891629
28540241 28817457
27530985 27716184
30942896 31867583
26345077 26553081
19298477 19462165
32317073 32483852
33665383 33816579
31863425 32890081
25609652 25910197
21698008 21921843
30894156 31052947
31107630 31260943
43942272 45039399
29617109 29801582
26085511 26247420
25128256 25308340
26214051 26381336
27021866 27779254
33918083 34263818
22242648 22413912
36615453 36790883
23139147 23295162
23248499 24102820
22429689 22741544
22225091 22375204
22694235 22876164
20474371 20632398
32266660 33028186
23487269 23661710
28090607 28270700
34738617 34912854
26173125 26387450
22502311 23317929
28776183 28953822
27249741 27435998
30130237 30290207
34799464 34964572
24780829 25780939
32475518 32676076
30844277 31012882
24145555 24292266
31908531 32118108
29698604 29896556
24307970 24465249
25441595 25592522
30409184 30585199
32829833 33000795
27829397 27987638
31927052 33029372
24635484 24793534
21446015 21589687
29446294 29624910
30859379 31027903
24194412 25197220
41918318 42092257
20868378 21035779
25743432 25894783
34064973 34226082
30826460 31486145
22717502 22862601
31252030 31420943
23472228 23643471
44559749 44727714
33021436 33206625
22368176 22529792
27014473 27174501
19894352 20058765
34365084 34524460
27905573 28062467
37429786 37579725
44600749 44759688
25526378 25706567
34983423 36033058
31250353 31412641
23798946 23957485
26397840 26608100
21970692 23020056
23654619 24580558
32240804 32433743
24309787 24478991
32514440 32678369
32122379 33172912
27998483 28375153
28262458 28445983
26335422 26517842
40469170 40632405
24457217 25337923
24344419 24763060
28037519 29115107
25317177 25468931
33669536 33828460
32344015 33293238
22546359 22954625
28335172 29377768
20885246 21096006
22742867 22929189
39019556 39417204
27095807 27557956
25673139 26727773
22504688 22656362
31656301 31857036
34667865 35035729
24701772 25093564
32891499 33906131
30641634 30808704
26474559 26650848
32246379 32654975
26659152 27082861
31918631 32849001
30469693 30638740
28588525 28781100
35212134 35611546
22570032 23078592
26402483 27317696
21523482 21677565
32622788 32797081
21014959 21372601
31005713 31393978
25260876 25986817
28452640 28638957
40858434 41045649
27557331 27939049
28882979 29281074
32994356 34024127
26737679 26914895
24067410 24211212
25929106 26316331
26989406 27383573
39132825 40149984
39026899 39195176
27608572 27786215
26085737 26470294
27057637 27473478
33081418 34133046
33588911 33759472
31690553 31855366
28519452 28934418
20419252 20816368
25099065 26155036
25558526 25715955
29423588 29579254
28744406 29188630
31186814 31360494
25192100 25364007
39909647 40079081
25171080 25336904
27853280 28043681
23973290 24135352
29493975 29675469
28667129 28832623
24929569 25156490
27886377 28045690
42378392 43443497
23470563 23624023
27873448 28054984
33458445 34422447
20326670 20483365
26889729 27853352
33880626 34037912
32987811 33147308
26591245 27564393
31200741 31381076
20719286 21339445
26834775 27035302
26843564 26998514
26332736 27315610
28699489 28871286
27536212 27959100
32407438 32558640
26296404 26465329
26633791 27713016
37026260 37201180
25027515 25442665
21767928 21928612
30267656 30423391
22280953 23068181
31351370 31528764
29999445 30685467
29433482 29605552
23461708 23630957
32391043 33478782
24253086 24426284
20945058 21354255
25091423 25257797
20825020 20997757
20973168 22080175
27413099 27791203
31551349 31973830
29171684 29347530
30195546 30360465
35969589 36995938
30255428 30676788
34592525 34980957
21945760 22128649
34614167 34794408
26026235 27056277
27910137 28320086
27571113 28763042
24913902 25094620
35807501 35984323
31159647 31318847
25890802 26061552
23900407 24070720
31503884 31684627
33201190 33368456
29293206 29449584
30020221 30179101
35902701 36100705
28082935 28231942
25953342 26112030
23259045 23420286
18991690 19182687
28457407 28626401
21476857 21631230
30592997 30750899
28033797 28192466
26761211 26925971
22971764 23134595
22430214 22579833
23230325 24240065
32087493 32241709
26632312 26816405
35574510 35732686
23697345 23856356
29681792 30693957
22511662 22674549
35685204 35903965
46193393 46368536
25680793 25842029
27020148 27212881
29448346 29619729
28537685 28709371
31281582 31458445
22606707 22779414
26059687 26218865
26803851 26972304
20654869 20825977
23321935 23487591
26011353 26172595
29558143 29721693
48084666 49124632
25383223 25570578
27774459 27938168
29714086 29881209
27012365 28055663
32297081 33293609
26962769 27118973
31986197 32150424
48127764 48313119
31122354 31594450
26894909 27973685
22576287 22764814
30817405 30991620
31213657 31380231
25756157 26140393
31183124 32269907
24939927 25105274
31300355 31495053
32234647 32400022
27111649 27685191
32451973 32654997
26759925 26911688
32826315 32984468
31985195 32175111
31307222 31454699
33528745 33686505
33375680 33537446
25138166 25293356
29308051 29471059
33689520 33854734
26746577 27613076
33135382 33324952
29451794 29611427
32048691 32246427
33618216 33873375
21685697 22767857
28637156 28799701
32062537 32252918
33885428 34047343
26942245 27107464
22417719 23496232
29826343 30211138
30312203 30495403
30347016 30498772
29853188 30025287
27378397 28385039
32191993 32615240
27965395 28125639
29869205 30047582
28293598 28451523
23328897 24366928
28661218 29062851
36004855 36174020
33320724 33525418
32407390 32582221
32166027 33222728
27204635 27643918
23913141 24070089
23852309 24054553
32795291 32952727
27316294 28269892
26205284 26621268
27565041 28638307
27496178 27662932
30279919 30472116
26634663 27430407
30849643 31275126
25959530 26925935
20281381 20423868
19461580 19618967
27062051 28077072
36486375 36902190
27836079 28666560
33159195 33329327
31177535 31331012
25288806 26362632
27078682 27469436
48291548 48845318
30128146 30308687
28257669 28409900
20696390 21052904
25088422 25505722
28670877 29594886
27520889 27687129
33291812 33490802
28902682 29821612
32299628 32703640
31499645 32096533
39738511 39894159
32201725 32352179
29680880 30637563
23969416 24334892
23387797 23775669
32029435 32204467
27249465 27401495
27118033 27659074
33695224 34733122
26890196 27321161
26905854 27078176
29542040 29749118
40786701 41386533
34713763 35782271
30203950 30618408
26759500 26931884
24758343 24924137
28603106 29641268
25804218 26672120
25208538 25642761
21621750 21803847
37334713 37497276
25444285 25959412
28814133 29566218
26040433 26411254
26622608 26782589
31132219 31278137
26012856 26367148
42292452 43428144
32155928 32556446
25318872 25483914
21936467 22096245
24353473 24764600
30378213 31466138
27559306 28000494
26770556 26966615
26185561 26369109
29727160 30174401
32551691 33508507
22302195 22690903
23648639 23802874
29275895 29456853
30899303 31062904
22380494 22550109
23952085 24116260
28306160 28483255
26724635 26890623
26303460 26460932
27672819 28712768
28464329 28632177
31340253 31513589
26612485 26790003
34066122 34263609
29316652 30271084
20694019 20850329
26900531 27073492
26227553 26435250
37951359 38932523
29704024 30732100
28193251 28377393
24514242 24696314
36119901 36287462
22671941 23179913
27198091 28274841
36367372 36545160
30649326 30842052
29629996 29796913
24891581 25497986
26424694 27522525
28915189 29078587
26522635 26679161
23997471 24153772
30417147 31508010
25132771 25614722
32834805 33005225
26840293 26997733
33866338 34023490
25796249 26595644
31728818 32410296
22379781 22545563
26563780 26725781
32656881 32832649
35596855 36565338
37597928 37998194
22195827 22357533
25442030 25627754
27695123 27878826
26247269 27354864
24929851 25320213
28684990 28863289
29833270 30021926
23987936 24157092
33064427 33625189
27553554 28188237
31619958 31791008
20617997 20769365
32225159 32411319
33745127 34507757
23262122 24133242
28226551 28405298
27997364 28203219
26372625 26527644
22194114 22955641
28587162 29273682
24210785 24384706
25274442 25432342
25799920 25984276
35033742 35795270
23512488 24146601
31288387 31475120
31797922 31977562
20886981 21065961
29263122 30285702
28913401 29527863
23445489 23625106
32400949 32568623
27747151 27912071
31184980 32209825
40969088 41372932
26247257 26411527
27625128 27826700
26777118 26952233
32888615 33975590
29085345 29480292
31942534 32115339
29187317 29341276
37596373 37771504
27700601 28450232
25200824 25605764
26779395 26954463
25935992 26119528
30400934 30562937
30065391 30891625
34655541 35142896
19551519 19715392
36286085 36486551
25828248 26029983
30126369 31210878
29541282 29964191
22505754 22680047
30720593 30899882
25196548 25359171
25020699 26047158
34837657 35236091
24911311 25112098
31181679 31362037
24020643 24489521
33567018 34625721
33930443 34086841
25811473 25976890
20433094 20589478
28374240 29009118
22638253 23626400
26486150 26643741
28472917 28653650
32335409 32553822
27769952 28178657
23314324 24371857
28595813 28775874
25089050 25286753
26625126 26805033
27257493 27653247
32249379 33313179
27764040 27937818
37583002 37752806
58291976 58468948
20648655 20858506
26647878 26810881
31898836 32071788
36500563 36788751
22233489 22414015
28488561 28647861
26320603 26468291
33780314 33943730
28629518 28807783
28103382 28275040
20736101 20920413
25141765 26206023
29212831 29372846
26998081 27156555
23783373 23962640
34123540 34940660
23263659 24320739
21051717 21207351
25485020 26251387
27059549 27249532
21718994 22675614
26152096 26330437
26100016 26297696
31581941 31978393
25184825 25347678
29695491 30656758
24114097 24543955
32342521 32508756
32663135 33405114
22688264 22844821
32706998 33437042
33735950 34144593
28245624 28412268
26733575 27194600
34446914 34626824
30691149 31361923
35273026 35686973
36479381 36640258
37123348 38157010
26756641 26923104
30578884 30992867
30366819 30767052
26046930 26219669
22029815 23074016
24585717 24794224
33772654 34179682
23418166 23632917
26758645 26922022
28061119 28938449
32197626 32364608
25301505 25685409
26823696 27247068
32172640 32334646
29266196 30350387
26609227 26816162
27876456 28288748
23700921 23867189
32720059 33564921
34060936 35032122
22459501 22634413
31075718 31506295
31005804 31229213
25021312 25682529
27588172 28645513
33079735 33353522
25741033 26144111
26236240 26432691
24219606 24752443
21401426 22532533
39316092 39497466
50544225 50734439
27308062 27492315
43872713 44027663
31406356 31571306
26021328 26211989
31414515 31576781
26935134 27102933
32735045 32898614
25655426 25832070
27800603 27944759
28737121 28906071
28808036 28995338
27090334 27279033
30140391 30313606
31768547 31932889
29160206 29319653
35417733 36428992
33153883 33323324
24502195 24731666
29524669 29672867
25006859 25158846
27659310 27992679
19262399 20304519
32963781 33769665
23397048 23557211
28114385 28368594
22423286 23434726
23925766 24541059
40254087 40435228
26722137 26874616
23377621 23576148
36731256 36896458
25758742 25928154
31905267 32070795
37043457 37205396
44285933 44466216
30448713 30602802
29649902 29823460
22257292 22412006
33029868 33186491
26458432 27445938
30428183 30592418
31341030 31522985
35907497 36097250
19217786 19393233
30851532 31867629
28950404 29116782
26133419 26998266
31172172 31335483
27040122 27189552
20729528 21699323
34144978 34338873
25141786 25537398
20559836 20770210
25213423 25387112
42635012 43704582
27054331 27209132
23944533 24997339
28937142 29110244
25043677 25235861
27090668 27472664
31898492 32057105
29928554 30585019
33800642 34024352
23435039 23598753
29343802 30305915
35060124 35225651
25320990 26274808
24315712 24492855
30218865 30389891
30527601 31109227
26809106 26981402
32140783 33156308
28084538 28273107
23238181 23425193
25275167 25673886
25055844 25241853
22542151 23499538
31281881 31469831
18767774 18943665
28870092 29247603
36041084 36225064
28669908 29021931
30441827 30606995
27074209 27256487
31938862 32850032
33371733 33548768
25723870 26703956
25124730 25277927
23636013 23808149
32176701 32745661
24714021 24864479
20769665 21598406
33315317 33519201
32449543 32622563
21966980 22130514
28778978 28976941
20825602 21617611
26282038 26454263
33194194 33367572
32890478 33657762
24438866 24608258
27881961 28927634
34565188 34739221
27509127 27706187
27902956 28739989
19197693 19348285
27947179 28882235
32116433 32298203
27543288 27716768
20686727 21063549
27234158 27408079
37620146 38433757
24983447 25145005
32215875 32383556
22522604 23260232
37973896 38140451
29617063 30697549
33971735 34136980
25247355 25425828
27531308 27992538
25778329 25956325
34764568 35857480
32102492 32283747
32429866 32598476
27122274 27282561
28291573 28457729
39569439 40362197
30780235 30969123
27828405 28011724
20791447 20971787
36867829 37058046
22145580 22919649
26872861 27021794
25826961 25996359
30389916 30548420
33395292 33555809
26036412 27150177
20644314 20808981
48538641 48754526
34378237 34533905
25883817 26041587
25841131 26928475
27014026 27177046
26846191 26999057
33303621 33522075
26888181 27077649
28671562 29045815
30968600 31134806
33928003 34110303
28772381 28938528
33805946 34032450
42390080 42999744
23122763 23270346
26040120 26212876
27729167 27896970
25218502 25398051
27800496 28845123
61830658 62021979
41322968 41487602
56478490 56645106
84546508 84728557
28189179 28392958
27570597 27758514
24960294 25133059
31005290 31184912
31052988 31231821
34338250 34500379
26163206 26342542
33147278 33311762
24145424 24305208
30165412 30330443
32917283 33980095
36288085 36618667
26851063 27023845
27754751 27917407
33063779 33237272
28646543 29375487
31353418 32407399
28758848 28927383
35312362 35472562
26325334 26497013
26583706 27380660
27763571 27957382
28692559 28870199
32120745 32282138
26851337 27008367
25999075 26878213
25919679 26301002
22529271 22927888
42568526 42745838
31137985 31306772
26990249 27763516
26057721 26453653
28205673 28915127
21425059 21701636
28467009 28643408
30267150 31052324
33791990 34195768
31660487 32316529
26231450 26402717
27708412 27887100
24521864 25394044
47518241 47681700
26807971 27447869
28048427 28215429
24648442 24823809
24801968 25514257
32227151 32390518
35992247 36631957
31151454 31306473
20674567 20834413
29552011 30418359
32830406 32985217
26960580 27410008
23387245 23539442
29045675 29212700
28434604 29383265
32191786 32351209
25953097 26357201
23582658 23736598
26930295 27099660
20392430 21278145
27403403 27554627
32086563 32475428
27328241 27490266
30232375 30455057
28203159 29022339
26265508 26421001
26827103 27192408
27645001 27825681
22659365 22816571
31698165 32625343
32536564 32688228
24495469 24884165
47753503 48202666
24150460 24303185
25091605 25921623
24052789 24259466
29009077 29467867
31911918 32311470
21582069 21767302
32143859 32949727
26505118 27249466
30752003 31173705
30164674 30593880
32528797 32693186
32233962 32971179
33972540 34618703
29814939 30229486
48467655 48646328
23751339 23910398
35130703 35297443
23926444 24085149
20568609 20718313
26056328 26219002
26659202 26809641
27244189 27419226
33615812 33769715
20804752 20992329
36165537 36336422
29460803 30576039
30321554 30490483
31875276 32050461
33868179 34022118
23284438 23441561
31933353 32996993
23427962 23613748
20201231 20364829
31051724 31231202
31124181 32223287
28113992 29074274
26905947 27048170
23716541 23881094
29744018 29897227
31500734 32583262
26167383 26555490
27362044 27519231
33863075 34290239
29113471 29292706
26515391 27444893
26678728 27085427
23437654 23595335
27824565 28239127
31197573 31355675
27282222 28232899
28051584 28477983
24193881 24346738
22508861 22882694
28639988 28795520
34715883 35664264
27196695 27367783
22877291 23046325
20901359 21080540
33210369 33401635
32922886 33082786
33135403 33336159
26049637 26219544
27168975 27354604
33311089 33475092
27918313 28073683
49026376 49982094
28475253 28633479
21093421 21274030
35905334 36066972
31320033 31510161
31500433 32532940
22334150 22513375
32964905 33162577
30377499 30555977
26437484 26589565
25779039 26737542
26695666 27270774
29518253 29690249
30936594 31113397
33066920 33232323
26767013 27833649
23466343 23874243
28859791 29019691
30348225 30576215
27425408 27602358
29981649 30992809
18690361 19070112
27025727 27190925
20684439 20854565
26210120 26613640
32363655 33324308
20467127 20892645
33579041 33744547
19993848 20179228
28501600 28892105
19124335 20143703
23962529 24398811
22819021 22986579
21058470 21217812
30129571 30500812
25882812 26930743
26840851 27293750
28480876 28642445
27358833 27531844
24343103 24539762
23891093 24877369
23228011 23412153
31104687 31276911
22179968 22375009
44328200 44492262
22619116 23557536
32455307 32603881
34807284 34977205
32397913 32601333
29503574 29690365
32181920 33219111
27481812 27648294
26905202 27074545
27022533 27227640
27385600 27568617
31037871 32154851
23577843 23750669
27363560 27532731
24032493 24187851
30890129 31971457
26996744 28061009
29841850 30010928
48472325 48650425
32855706 33913433
27062691 27569552
26698389 27739333
36564325 36729062
31132169 31319693
36620731 37246715
25834989 25982314
20759880 21883130
25790608 25965527
39126557 39341174
24104432 24580152
24329632 24499539
26450852 27481699
25185696 25364092
29564942 29739994
22278891 22431422
32232981 32399653
40707738 41821496
29358642 29535148
27627335 27803604
31826248 31996866
22594339 22764976
27995234 28552406
29360701 29531779
27071658 27286097
27081932 27251542
20925301 21087654
28755574 29547763
26797929 26961012
26847803 27046587
28141188 28308371
22324730 22497708
34966896 36157668
33268577 33446694
26143747 26312435
26077973 26224095
26108728 26259361
31413602 32379632
28572464 28726051
29361309 29536953
32318629 32486768
22595274 22766820
27705262 28082047
44052341 44231684
36171746 36352079
26979781 27163821
34895735 35083841
29311569 30469091
28470158 28655535
22324982 22489636
34456900 34630148
31192445 31404680
33871995 34794711
28416463 28588048
33552654 33723564
23998188 24168633
26395970 26566730
22155715 22355369
34417702 34595880
29360507 29527969
28333037 28505783
20211768 20377446
29929616 30094333
26718528 26891222
24144853 24315275
28710256 28905809
30123793 30305980
41885985 42045607
25701691 25869945
26429615 26594704
26315380 27415580
23220438 23450408
25470655 25630857
23746188 23956061
31806457 31971363
30801964 31801380
27639090 27803527
32713478 32895482
22530275 22712060
21595902 22339696
28356661 29412602
32517371 32705784
28649840 28838856
33771161 33950697
23448735 23625731
26709172 27717533
31496307 31699621
30782610 31445946
28993894 29177424
26300598 26469389
24152017 24315457
26851937 27028897
33125302 33328760
30579451 30749889
26637008 26791747
24070073 24269630
20368536 20531267
31724908 31884131
22203293 22392359
32759132 33821160
25950226 26139250
26843759 27000580
28860021 29024455
21619281 22581580
35644842 35812772
27657999 27813182
33065077 33231063
33765293 33940264
22388156 22556866
36719265 36900005
28965857 29143736
23538404 23707541
33199209 33358794
28800127 28968016
35801301 36770575
18911038 19077764
22545787 22733860
26820748 27029269
31822403 31982963
24000548 25013223
27077764 27264372
28563170 28724734
24377628 24555505
25849013 26004650
25732846 26763332
28263463 28411141
35531411 35701847
31592267 31793767
34694962 34864951
26676078 27507728
33881297 34310767
24168967 24348226
26282062 26456662
23616053 23781992
20153316 21185377
35279007 35434024
27649231 28706158
28778010 28957623
32357427 32744502
31081404 31910514
26997964 27153291
35797718 36823344
20931764 21095238
23328717 23505657
27621286 27801131
23642726 23806410
25701281 25886524
53012574 53197978
32066400 32250519
28310467 28481966
40221175 40405250
57491380 57896308
28878283 29105424
26798368 26995549
32663574 32839680
24296738 24466090
23419589 23605466
34693632 34863753
24445580 24640927
22928624 23098907
18940850 19122230
31225752 31453582
29738982 29885452
19159432 19343128
25194517 25360836
33881810 34042228
22923150 23084089
31368469 31547489
35726381 35897312
31066237 31232527
68981896 69182714
30718013 30885695
19671422 19856936
27618177 27777760
30370391 30572535
19821513 19982518
31460933 31633362
24674586 24866482
18579219 18729995
19092407 19257969
28414842 28585443
27134230 27307974
29394686 30489947
31662997 31872751
22412678 22578764
25927721 26101451
29388182 29552898
22050701 23081859
27623526 27776848
26765847 26933292
24981852 25145773
22438271 22724469
24264037 25286186
24074042 24235250
40400923 40562915
20301139 20463578
29413113 29809036
25902545 26963157
20736116 20891401
32796279 32965842
28331093 28506782
26594335 26776564
24862878 25056955
27429689 27592253
24697284 24866999
35883446 36043539
25839678 26027935
26430187 26587072
19069563 19237256
28923347 29081999
26510206 27580374
23038607 23207910
25602219 25774521
40201790 40367902
28436404 28607578
26285126 26439666
27832641 28003642
30187781 30339614
24169848 24333604
22260529 22410308
29159810 29330990
31024945 31960752
20545456 20833672
27459027 27638376
25259279 25431789
26963806 27151589
27836862 28884313
50544070 50703723
30759204 30975259
30827669 30990499
27428120 27601361
47771830 47937304
29723699 29888086
32153260 32308606
35623855 35799868
18717706 18877608
31801941 31985055
27505938 27676509
24452501 24603036
32972365 33133448
30058806 30224984
28254909 28419113
