339470603 340117708
240983048 241132162
173433805 173620313
30329354 30544427
53247108 53511655
59808822 59912682
33950708 34142222
50921382 51112193
79481067 79610810
89972045 90111241
89396519 89516908
62129073 62250954
25985917 26171163
59719582 59909462
61026269 61141462
63735148 63907154
46167497 46298793
27737545 27904209
49721955 49932879
55344391 55479279
51597716 51774243
45974346 46094295
29404183 29596411
62745915 62925552
68174682 68293154
51992931 52121153
66858381 67004389
38842229 38988955
26629249 26813357
28844464 29000787
36808479 36939785
53110269 53282105
25489434 25659929
26638223 26845566
30795987 30978557
27188040 27398809
61326148 61457824
77763868 77963985
66356090 66519435
27383415 27545477
34093558 34308110
55198444 55341829
72136949 72333422
73341950 73479703
38849945 38979317
54704679 54922487
79197307 79452402
81144451 81265499
83215365 83342160
50667295 50872200
54179948 54305678
62211362 62338064
51517555 51639470
78952492 79127586
41347838 41505269
38468170 38591399
50903364 51114340
58216282 58326357
77868521 78035443
72520447 72718690
99513411 99647995
66464499 66669720
61168624 61310783
48462793 48617764
52961481 53171859
33774997 33962474
20032740 20268710
48816489 49016098
30653741 30846728
52636380 52845775
45146136 45281669
24195413 24405440
29153002 29387702
125613995 125803036
138082870 138285137
166207902 166392922
137287266 137440973
92337813 92542171
128595921 128735040
148051708 148203387
164226068 164420342
52355507 52500530
26653108 26873303
33298168 33551925
38378062 38530080
41918871 42106806
34437189 34634304
36820665 37060370
32466654 32694596
34266282 34455525
31076524 31305673
36477453 36712084
31223507 31417270
33434338 33616739
66469045 66604317
69761422 69933838
32286092 32497102
28470252 28633746
31779981 31955676
39092049 39319662
40769090 40976925
41227103 41444259
38775088 38930882
41956383 42126445
38323281 38572012
37387498 37564325
30748278 30952939
31952589 32115939
29081153 29286063
49744574 49954116
33712148 33889054
73609902 73829461
79174228 79296617
69653913 69789848
56169649 56372516
57342686 57450432
56598210 56825322
69184949 69329851
64294320 64435575
51153644 51333485
55196532 55335857
86530433 86741713
62850047 62966862
70628380 70779283
39954872 40132305
45799374 45952264
27690289 27942717
25410090 25555816
32031203 32188353
35707113 35893322
48393368 48534726
47497132 47705178
31561457 31742696
29251981 29387257
26561055 26703844
28061554 28283036
69321216 69568384
56101695 56303735
63925252 64129230
36746249 36915930
32684283 32927962
36627554 36853183
61565619 61731591
73736116 73901350
56180800 56330470
32979894 33142130
68048684 68301712
93903187 94095850
102859696 103065878
48297266 48461635
72179767 72395500
78583538 78737634
92033656 92160081
89526533 89680483
99394569 99575690
52414308 52637673
66706788 66844308
89559560 89736427
48390750 48605756
52813584 52934468
28468615 28684220
49141785 49306783
43421763 43544380
57424149 57640371
46746081 46896059
25527017 25740348
27294119 27515410
24363490 24585294
54994150 55169799
53325173 53463415
28623329 28803221
27154251 27369777
32685771 32845621
45931425 46060865
52871763 53061898
29140046 29370494
32961967 33174522
33645196 33842504
48435994 48648917
50275099 50386300
18388187 18546112
64976628 65199437
61870798 62008235
48607011 48802160
59249687 59378034
44458288 44691987
37022630 37210145
93884451 94079532
81472257 81611224
89110271 89263904
19665831 20227035
36407412 36587854
25795629 25980739
46574787 46754458
34253128 34377120
26552054 26776731
23508994 23658000
18639484 18823783
48439226 48592134
51884141 52064412
30445461 30670690
39258687 39447311
24793321 24973633
61644420 61862226
73731766 73861094
51664933 51831275
47076564 47193853
23673392 23845019
53756608 53977990
48451937 48602152
20953459 21111526
22505150 22668892
28742572 28896499
51806084 51924261
60752710 60949261
36116943 36315184
32944283 33123031
52811565 52987316
62663661 62914970
63395231 63510759
42009496 42193732
102120939 102246908
119758413 119957478
130054860 130165412
91243169 91413163
86238602 86367964
29932729 30173398
85266505 85399163
90419242 90556694
76701506 76900041
127920513 128099827
31603945 31813664
100981942 101199311
102490552 102611119
116846089 116984134
102105871 102242810
23758354 24193595
74335544 74564973
91195458 91343292
88507242 88612785
108564344 108712890
48983652 49132447
31573145 31775128
87710684 87846353
95298406 95406228
112244455 112389734
82383382 82537414
32194709 32397273
28655370 28845832
64059714 64184092
76093979 76201830
79906424 80061786
26852893 27074769
33766528 33963845
58997873 59152198
56008615 56139346
49562454 49726898
32773672 32990479
41030677 41177674
61181227 61360987
50899351 51041386
46118846 46321394
72480050 72637008
68160531 68313034
70725503 70881987
54722687 54845394
65840108 66062031
71132332 71247624
69405023 69523272
82181634 82357751
43136153 43269726
23059557 23259534
28835808 29031756
65741006 65849908
78061121 78202527
54269026 54392064
27878873 28024578
28777849 28991340
65159886 65338283
78010076 78156580
66238185 66394051
32339577 32519880
30779970 30983002
35899391 36098082
66536210 66694271
65757882 65870211
40322885 40464559
28165632 28331678
68088739 68315372
91988840 92111881
89943420 90049761
80324840 80438229
24985594 25126790
44173850 44383567
158175598 158355145
140647804 140783715
157668308 157774946
183426311 183550148
28724116 28928990
33390441 33534443
21465597 21640452
26928861 27153517
41099525 41227660
23475010 23641929
26132200 26279208
36588000 36762252
26245913 26426252
25394000 25516293
32516634 32700192
30609165 30769012
64436809 64575923
58328322 58491210
45382786 45512509
26444352 26583441
34692206 34856880
42052267 42240731
42361653 42486778
20456068 20613372
28607096 28771980
20595990 20745657
31251632 31448268
48188799 48366022
41109956 41240438
38081939 38250619
50095955 50259412
34792583 34965231
44838573 45015074
38844250 39005286
31374445 31559626
35392287 35559993
32053142 32230890
52578493 52742141
52329859 52452663
35303904 35487016
31363045 31570907
27758366 27935485
41754942 41914676
50685158 50887274
29923454 30079646
19905431 20036650
35510541 35691211
53707021 53914525
68408330 68553355
51726978 51931115
30027114 30167771
20995328 21174537
63805313 64015020
63125548 63237165
70320419 70487052
71035534 71216759
36041565 36175774
69083414 69334492
93976415 94096762
107876757 108062226
87004050 87147471
93647381 93785160
38859275 39054576
36128638 36273551
60534174 60686072
59618329 59730383
43189582 43393669
30932967 31168288
26068861 26231099
33679935 33846048
39001603 39158767
48117653 48310541
50228132 50462005
43808626 43941968
66774603 66937101
70413048 70551153
63801403 63919630
62023119 62212801
31036042 31184669
25005105 25148907
28262850 28415489
30608054 30819189
58646062 58828499
74518346 74621534
31572630 31692014
51136774 51301455
48059824 48183981
45039198 45215808
44658252 44782905
29435732 29557797
29410704 29609245
23813105 24028377
77177261 77295868
85762548 85906035
92071628 92288857
40126687 40284036
20474683 20596918
34409492 34579204
36108390 36284411
56385892 56497238
48101060 48212021
48787176 48916844
36704800 36893325
25120662 25284875
26666451 26847816
49555036 49670318
64743827 64857611
33983069 34160222
34815320 34955116
32681301 32876427
28564444 28696600
25722054 25837727
44220224 44397847
45709355 45842393
25061743 25221777
25908046 26050823
18823505 18974107
18609781 18771854
28942051 29107378
22734084 22872345
35778951 35928984
26422623 26542530
51632777 51779914
45412117 45530510
23441060 23620754
40519098 40680317
19976422 20127447
47541396 47723915
44539610 44652776
79902144 80083277
79710530 79843249
80430529 80524070
30528017 30670907
27774973 27893442
57205932 57384080
73305352 73422148
62709529 62841615
24804892 24976671
26818060 26968927
28592486 28743153
49406687 49516674
59856701 59985770
40289675 40457287
26512125 26659297
70309939 70476732
54227604 54386390
41405093 41553674
23030250 23187485
34096826 34317547
26329805 26532302
41178613 41353925
48973939 49158815
39191413 39382984
31138895 31314378
32537748 32747518
26012266 26154686
22193728 22316777
59607335 59798791
91918740 92055201
43363840 43489268
31709039 31864226
28181277 28305106
26575562 26781149
23123721 23290329
34076609 34213910
28471321 28621439
35161624 35348814
79424715 79557391
91080288 91194561
99280801 99465307
22627023 22829439
27051146 27222776
50296840 50497990
55211856 55347098
34809880 34974372
33260084 33423540
35218754 35421798
21930407 22134682
32510660 32641737
33099632 33236414
38348571 38482816
30260544 30436904
31586549 31787867
37369974 37524703
25773134 25914128
42162052 42290428
25701910 25829449
21399045 21571244
31504057 31670372
55729963 55902292
95491872 95663307
66907346 67029404
26120290 26300243
46646092 46787452
28204865 28322752
30111867 30380922
35996196 36128938
37407305 37549150
48987931 49162744
54952005 55077683
20961883 21089061
28047658 28243150
24791253 24901278
26535341 26702616
48851049 48979184
75365644 75542365
33810699 33952032
46115353 46224103
63693762 63878782
85476992 85617030
85210190 85361706
73940501 74092422
55195279 55369994
64329245 64440893
52581745 52727716
55296721 55418625
31876208 32001971
46314486 46515371
50922995 51028353
32725082 32864686
58707126 58919294
53148298 53326049
36461031 36650488
37165182 37372134
38225781 38418212
50491785 50701826
44225336 44369641
25281193 25483658
27599073 27737165
31346285 31473467
24683936 24854999
25237524 25407254
34505633 34693781
73656272 73802929
56720625 56847351
24271844 24427181
27146978 27287026
33559579 33745481
22218407 22372888
27531666 27698091
26272470 26465155
29152826 29369568
59830023 60038155
65195331 65390433
64023261 64163428
59244804 59423410
63529612 63756084
77447888 77578055
86999001 87195478
82093590 82200274
39941625 40158435
40646362 40831358
31979257 32199359
54071792 54309374
51820252 51982213
22325434 22525769
30029734 30225168
25636108 25835572
43667267 43941788
63109466 63285691
21078096 21221699
22222560 22422560
22218599 22442001
48001086 48130398
63091053 63331807
33683771 33858240
33021491 33266941
25585115 25751314
68854035 68987477
73776772 73910733
85371851 85568904
42222895 42396445
40135382 40288890
63839227 64017403
73681424 73861511
57532980 57739478
40631344 40824047
54125307 54241766
25637520 25840673
23223603 23435439
26336201 26549307
39705238 39902064
46406369 46566490
41631663 41841415
40041003 40209847
29021477 29245721
52961419 53171358
55936554 56073389
47637838 47840104
58933703 59137288
39801689 39948596
29727277 29938105
31929097 32106530
56915149 57056537
67105955 67288958
38795101 39018645
52081578 52289966
38299041 38458279
27102374 27308882
59781223 59980665
53467919 53627057
27060806 27264046
42814557 42994472
39778801 39973324
60923436 61139227
54481848 54681125
28861134 29043500
20372070 20556777
32666780 32832007
22946525 23153945
27396717 27603168
34996378 35189553
24899955 29432275
29590344 29747372
26861470 27081838
43900844 44102369
51578966 51709070
20619515 20811291
32847274 33012041
31608288 31780284
22288407 22468444
27848257 28038964
27121649 27329841
27483566 27654952
29762300 29947981
26578999 26749082
28905495 29081425
31824260 32017394
27511009 27714202
29831814 30042901
44414252 44576976
37057628 37241463
47966479 48204768
40228771 40427155
31711909 31906381
50061149 50267306
60877943 61038974
43280145 43494775
50249028 50445289
28870190 29056108
41961100 42160364
41228602 41362046
48311543 48539151
43987727 44167949
31907604 32102523
58338984 58501735
80268884 80488828
42712619 42915207
42689020 42906921
20567211 20730656
51403211 51616115
44578691 44751983
43375911 43593643
26480195 26675913
36796529 36963901
48798217 48986203
75587851 75803116
78857933 79010954
80235791 80621520
61631528 61846002
58759757 58885860
32689803 32967946
73758482 73943906
96473357 96716544
105107214 105237508
62527061 62747672
24190672 24429409
28125520 28338228
35038394 35250208
58033935 58199684
73364413 73502471
31520736 31747274
22223953 22423510
55229195 55466322
62487370 62664529
44532627 44725931
23106411 23304278
27478177 27659451
31308227 31500881
48539210 48726903
46767761 46880926
26490370 26627575
29076926 29230646
30862777 31098894
30780496 30966311
52475138 52605639
56328954 56484991
27405061 27550064
45617801 45752996
60354862 60541756
45931343 46121882
47676887 47784971
69455100 69678158
70008613 70147248
49604310 49766490
49913001 50036203
55886842 56035154
68157889 68338546
71593527 71746067
52231085 52393576
41595454 41760839
64348260 64482071
23978802 24178264
18515617 18652911
34640039 34798432
20430791 20642281
38857861 39018608
21460958 21659096
43215977 43415217
33790928 34006503
44023143 44180783
39613749 39729983
26359869 26589011
24873761 25077883
22525160 22711742
40585864 40772937
41225602 41365419
28841259 28996110
25166965 25386586
34633720 34807899
20311215 20488004
22668232 22814591
23267858 23426321
22321500 22516834
29234998 29378798
26690045 26876459
25382438 25596415
25774511 25942474
44147465 44346289
49064843 49227170
47129277 47255661
23050202 23244732
39608072 39853730
35088209 35206148
62601425 62727931
70951489 71126972
53924929 54114629
24392208 24610899
20170756 20321635
25966203 26157845
47235712 47550333
59000783 59119171
68922188 69044928
69800813 69917687
78977450 79170667
19194246 19411580
31754559 31921437
21283429 21506469
56344090 56478788
60697535 60836366
26854338 27077526
53694689 53888111
54342703 54460991
41598727 41789005
59000563 59137641
22031547 22224824
30513723 30715304
39987800 40166079
46083371 46309739
31619882 31780796
26495230 26663733
49078330 49225299
61153591 61320581
42627408 42756390
47709008 47896687
24884470 25072628
58189181 58397824
58501147 58601205
45426260 45570435
50912712 51017893
41348644 41543901
25531061 25695681
33394115 33538252
54988330 55164708
64063608 64205816
26391872 26548624
19212142 19359110
33948525 34142593
59979918 60181920
48532275 48718434
27308596 27456464
24871652 25022895
31987756 32193670
32274063 32451562
27201260 27370259
32818227 32971739
27478361 27655766
27997861 28160786
33785979 33994395
28806659 29016181
27134733 27266762
40581588 40721581
26215037 26401084
31297777 31473488
33336568 33509340
49760462 49934539
39487534 39645984
31515330 31648397
28535230 28744309
22072774 22275215
58535774 58681480
83257575 83368766
84376180 84571877
61512109 61668083
69611567 69736328
37803914 38013525
32471592 32593820
39100020 39262009
37657244 37842415
32677378 32847233
62035202 62230150
51651755 51802582
65991747 66117075
46402162 46581946
47788437 47952751
68170969 68377555
77771216 77905981
106227258 106330791
31287796 31449721
42094919 42249859
35768144 35962268
32022818 32215170
46000566 46151142
38604877 38772430
21068208 21250906
48040695 48247086
63126138 63280573
74087610 74210981
52510696 52654804
29464377 29626770
35668271 35878040
33675220 33854294
36339816 36478001
42688336 42827767
26948759 27135402
60521768 60757102
61169884 61276700
69163071 69261232
26308916 26452378
34929191 35151039
44412210 44560925
52174240 52392607
55871725 56272127
31169849 31352536
24004683 24212939
34628124 34826737
53210456 53402576
41315991 41451852
18167368 18319622
21164323 21352973
30300854 30523610
29690465 29866566
52459118 52663770
41468222 41615650
35770121 35995011
22360694 22558873
35415231 35582163
40305182 40418235
50119088 50290585
31138501 31358075
25545055 25726724
20774164 20975211
25865097 26037214
48477135 48640687
26741140 26900284
31882030 32051684
26406934 26534427
47624825 47772184
28416757 28612112
33738024 33909502
26088138 26240287
24457789 24614952
32212554 32391856
32272414 32483548
33077871 33290371
31031150 31227157
32591764 32708839
28870892 28995939
25987298 26114301
32416500 32587288
32795969 32988294
21188264 21319020
50636895 50828152
35863086 35999550
29714727 29863472
49311981 49516242
48436815 48574096
29692678 29857881
23271211 23412571
32952698 33170734
31718162 31887461
50751706 50928995
39912172 40098556
26598789 26754705
51851106 52054897
49519313 49635774
47317254 47438581
68731519 68911122
35617653 35753030
27722744 27938951
30466587 30642398
30987670 31153692
44178873 44344076
40483447 40615649
29308939 29503522
33198721 33374723
32090019 32235823
68041079 68235520
71908119 72008059
23370020 23547535
27730790 27899228
67204668 67419390
58360685 58510725
52091160 52309808
29758023 29895026
24842331 25100104
62194034 62391668
56658009 56778658
37444167 37582925
24991508 25114105
31193748 31391236
58465297 58606722
88586797 88768202
68026749 68152736
27141409 27302084
25493629 25660371
32554616 32761815
72610137 72789696
87315035 87421895
73669038 73830943
51359420 51521226
28641221 28834212
83741171 83905521
58588019 58715422
83615917 83733352
52248024 52375319
29317116 29534283
91039808 91191277
115448105 115642101
121410798 121533866
141998938 142199797
54971946 55156062
34232331 34434860
60841264 61009847
84918449 85122826
79855841 79976960
95963438 96062545
85412641 85665253
93701897 93811965
99169942 99293580
107719926 107970706
25201404 25401320
69303448 69437772
88639151 88855398
77679334 81555643
87616037 87771598
28001748 28184847
40205161 40373239
30245205 30375277
34801362 34936219
35293400 35441337
22092589 22264038
45835069 46069024
50278088 50462808
27151562 27292472
42320675 42467170
40450114 40610892
28011850 28235963
55859725 55990554
64090621 64234527
46589847 46733858
61939791 62080199
26043023 26225187
60114851 60300606
47874456 47998481
42660252 42804997
29973008 30123593
31091805 31245469
53289735 53472725
61007792 61145017
54034828 54159030
42972849 43094514
20617261 20835210
64019068 64155461
70700537 70802211
78789010 78982395
28782490 28966390
62874071 63001412
98871754 99031996
96019519 96132252
105942129 106080752
32118632 32342866
65441302 65655900
65477533 65597780
84987071 85106396
83538289 83628838
38403016 38521921
23911418 24125054
71356414 71499245
87559117 87703102
85961568 86080762
93153057 93244460
24552250 24721356
58105693 58252240
70358926 70529740
81629991 81758446
96000910 96132540
63374609 63530011
43632343 43807719
53976458 54127872
76125492 76259767
84965591 85128763
86727704 86824342
23463108 23619673
51322051 51507447
89741650 89897912
77815334 77922647
80749046 80927197
22771092 22925649
33540773 33719646
102704961 102917978
109602272 109724042
113997642 114121331
80813783 80955477
21913006 22162640
102700792 102813790
114916419 115050725
123532634 123722213
126326873 126494058
60004307 60134539
107454044 107669709
119219095 119339727
111227523 111341809
107143007 107262670
110213624 110317911
25326180 25525243
90062055 90226938
88677040 88776125
102633258 102759659
67468701 67632077
22735065 22874766
83537649 83659715
113182708 113287275
132520045 132700840
141702058 141808976
42129210 42280210
45044674 45236714
47000911 47133236
72744407 72944371
70254440 70366665
72431294 72552851
56140323 56278842
43088928 43210551
68984696 69097543
76989891 77159616
75375477 75540526
44311142 44445927
52450951 52599670
72031259 72236922
72274110 72380387
95259846 95376966
50805189 50914494
68596263 68705494
25103334 25332765
71251382 71445494
81941308 82091379
96280764 96422578
98479007 98570594
34285843 34479579
24475813 24612988
31290268 31411904
42583715 42709088
52713230 52819977
28901438 29094353
26246381 26371243
41282145 41480560
50469676 50594265
67416557 67547791
19250958 19418351
36920514 37090954
26616267 26792364
35878877 35996883
33261963 33401237
45088883 45290873
38535783 38685233
42604367 42822331
43753420 43894685
47663399 47826361
36897457 37055175
39934505 40135703
25861107 26008378
26932305 27135974
58133371 58302306
57256176 57392272
38633036 38803962
48540486 48657898
65364965 65569327
67447909 67545032
58843524 58961643
52999325 53202094
46459307 46604422
42525963 42723125
65161717 65326094
70182347 70370813
59088180 59217999
28730363 28916070
74213096 74356628
102990701 103153658
86279020 86410440
52222547 52344316
34006047 34128214
118108562 118244685
131969103 132083826
127363482 127481907
155809385 156002670
126157327 126299698
58807893 58973564
93175922 93319421
112622071 112793988
93809610 93905226
107889837 108037474
31629264 31821607
64801711 64939180
94817521 95028118
75601033 75710308
80266020 80404868
24642924 24822424
26703527 26965129
58293088 58493376
72459644 72620953
61446085 61613358
29348703 29526892
27034852 27239747
33031550 33200299
52634074 52815891
37320075 37431337
20694069 20894630
31972977 32201962
45024003 45175556
39977763 40086579
38829056 39014348
37087884 37225364
59551771 59748674
57336259 57440152
58527767 58621938
32088728 32268571
31699793 31843559
69986625 70122063
88465378 88669546
72873393 73003085
53712411 53844692
33961861 34114399
20440154 20657070
25993633 26120252
45716357 45857330
68639998 68747689
39589617 39702940
41872210 42064688
33839055 34000739
50089025 50277126
68375331 68509859
51840036 51968818
44085545 44272373
36048640 36159323
44511460 44713711
53306989 53466344
41752576 41865209
50309404 50440038
58108460 58239759
22597206 22806999
49128008 49277535
39410926 39520759
45954774 46133223
45812074 45951934
26847465 27071393
27274832 27394045
28811019 29055641
52598204 52728307
67101520 67269044
57510419 57636738
36063754 36181612
27041370 27247833
55386904 55516541
70372122 70539330
67051311 67180884
41940226 42051512
18136289 18285107
29239898 29426720
51773257 51914327
54155961 54260592
32774342 32898284
23370680 23480833
20801885 20993743
58959960 59154489
62211887 62357867
53865386 53972688
23189805 23334156
22413076 22573162
22571275 22766270
34331493 34488215
84620214 85012688
86493968 86612585
69657965 69783879
41418655 41586830
39710832 39845668
40005889 40159602
58787259 58965092
53109689 53230029
26385941 26551189
31084103 31295005
42440247 42611244
41305536 41412578
23870554 24062492
48745102 48943418
44989158 45129445
54326205 54431711
82894426 83051570
35041308 35159107
57178725 57365599
52434271 52537486
19836826 19988790
26230727 26373737
27132800 27247208
35228879 35363481
40121876 40267761
29235154 29401685
28485864 28621518
31582669 31726996
40866482 41052766
44191888 44313176
48205892 48382902
48969214 49093076
48100408 48212338
50046179 50224370
45526050 45643737
51812957 51930423
59711686 59878861
37905086 38027568
44852728 44981620
53943050 54114038
49490237 49617185
68679476 68862700
27032837 27187762
46370770 46574295
52566534 52766166
53328375 53525675
56433382 56558614
47446946 47572502
60109294 60299245
23230191 23406267
27112928 27331263
29160602 29392824
27046987 27251531
33191020 33359523
26889702 27099029
20692750 20908717
22325985 22516983
26270615 26434458
28938189 29097835
36015801 36212909
33192800 33401486
23254511 23452616
55656916 55853581
70341333 70501612
46018066 46211012
84339689 84527109
85737923 85929330
111441837 111628920
152296592 152494256
163464680 163643259
166881300 167098936
119966365 120164496
159711810 159860266
192461846 192640898
114454652 114636857
139618248 139814023
110302413 110489353
103430797 103617736
58955616 59156596
84721666 84881144
81560585 81746180
51010197 51192688
63529502 63814522
26730564 26934754
62489645 62665869
46294219 46461720
30062692 30219013
18759148 18936501
29600339 29745417
79470551 79697948
100236072 100354254
102014705 102156451
111724464 111843410
36709001 36848457
80645395 80786112
96260348 96446652
75314532 75459944
70105936 70280320
56734074 56861100
22443482 22655978
29242585 29407458
59905766 60045521
60221915 60330870
48906548 49022622
40414137 40638189
29252469 29399618
69633803 69817232
69063614 69169536
54442310 54592405
24607073 24796574
25856859 26061737
19503179 19690316
42521622 42678661
67402823 67518893
28797406 29003153
27551522 27739556
24137549 24314461
35702075 35899949
29479233 29668363
26089260 26265952
27587061 27772324
66967617 67137266
90192121 90320029
99055467 99150712
82879542 82981074
31894925 32063133
24636950 24829865
39040812 39241877
