102998527 103170001
103610561 104065627
42490286 42648611
25462310 25657598
26973637 27161616
67845256 68007308
100538747 100665571
89065713 89210799
73111715 73317141
93443015 93612973
54061043 54223586
46197724 46326490
66727083 66881995
68874214 68985728
89850990 90007265
154818909 154971395
155468643 155571286
159377969 159527244
157746732 157909344
221075180 221250598
194200176 194357899
186463858 186610985
124337978 124507857
135037005 135135894
98146441 98279491
23987406 24118998
57756017 57864976
74995620 75132076
77000230 77149516
62980852 63115208
91893918 92027462
93392843 93538548
104659342 104798486
96958888 97085788
115344887 115457068
118325128 118447809
65829169 65965222
60300538 60458613
39228470 39356610
47528467 47643680
27191436 27354117
37330649 37475794
36261880 36396872
91349205 91486067
119215025 119350684
137693445 137829430
158412706 158552876
159179256 159311122
176154043 176280119
159789751 159911953
120561477 120726527
93396380 93517810
128171301 128312458
45981563 46129154
53585712 53738675
60947191 61040987
69880967 70031885
39401410 39565545
99697596 99832901
89005552 89178689
137911830 138044003
153086792 153186811
157283000 157424277
104025241 104147403
65476774 65625894
72013040 72214080
80535029 80652682
83153626 83294368
37229304 37379298
57933076 58071783
100237363 100345313
141394715 141495436
158869219 159029319
165468777 165583442
128141144 128280408
202649141 202787728
224689994 224855740
232481415 232570525
283849700 284004337
407013526 407183134
308328966 308505250
264039508 264156455
367985471 368134687
399796037 399935634
399854857 399954376
247408199 247558346
320013414 320188174
284787366 284873244
22226945 22391220
71348485 71504205
66230663 66341301
100156046 100322228
71480121 71600405
72522988 72673120
107227600 107395716
73029326 73147352
32882130 33011668
124089298 124239091
166625922 166718173
175817518 175938042
197456574 197556748
204895913 204981382
147506712 147677324
123987373 124149228
117920943 118049028
98035437 98154838
150468995 150582605
32326154 32476655
114939254 115081952
127868149 127969353
145147057 145289800
163652605 163798867
136191170 136349451
180333142 180462626
193237791 193380781
160259674 160349721
162030419 162125949
94090657 94227733
88513149 88667304
83937132 84048024
103330794 103461575
105702903 105861081
129695680 129800423
179462071 179617131
209797689 209953587
203189741 203332972
209638345 209723661
247986731 248121956
81934215 82051764
123946210 124039486
128712554 128884892
67704298 67855812
48708465 48904548
60681803 60815527
73330353 73483013
47914198 48099417
51964802 52059869
103341497 103472180
111808411 111900403
114925382 115020280
139324328 139452132
120781517 120945396
42376223 42624811
62926118 63037599
70405195 70567723
111956063 112090447
124997742 125100461
96921744 97039352
119539248 119721925
118189072 118318251
53576423 53684674
78420518 78587152
57454584 57604819
40441292 40591261
130743632 130895683
118504879 118602421
149406408 149550392
180982525 181138380
205962289 206116232
172589622 172749791
158250542 158370784
220202093 220306046
130337966 130436134
131179066 131338119
50471092 50584973
58916462 59056263
132767784 132934186
146352396 146504827
141743710 141881018
202707150 202831393
266533343 266697377
228156333 228501290
230249006 230381612
263397958 263542724
122487626 122645564
129713725 129805421
38619608 38761137
32241007 32396264
26940852 27114391
28788337 28949951
201355515 201490533
211827336 211940441
218814260 218906364
203047698 203157172
203884498 203991792
253173601 253332596
214835731 215005681
186761428 186885597
115525990 115686449
165160847 165306897
95431633 95596882
165812751 165978099
163078305 163260750
180093154 180202933
195561467 195661092
110883726 111033433
245081635 245170222
120407612 120505744
130433145 130584926
138351420 138438861
32621275 32785457
115988054 116308306
124843761 124974483
186718302 186856556
199212851 199363539
186988315 187084873
204942759 205066805
217955159 218126668
199088662 199239836
183237242 183388491
136734021 136888022
49102115 49280398
40676859 41029537
139393696 139532648
149064195 149188124
152634708 152729339
158165695 158265967
204170838 204340448
180783967 180912783
213331491 213410507
136380272 136525290
238225272 238313472
151587588 151705158
45044704 45177234
46608646 46731549
45605892 45707384
28113691 28232281
141904668 142049662
148263867 148346587
153973685 154118119
160535170 160616820
156202110 156323676
130120642 130324316
225801221 225920388
114175126 114308820
132914582 133039264
88788348 88905064
63382444 63536454
175449811 175550182
176104303 176236860
157941844 158074655
228922479 229049694
129157767 129304346
152809511 152938208
136736392 136831462
163190550 163356000
156361178 156505989
44165814 44295205
26380132 26546365
134129398 134287268
132689282 132815894
99767700 99869363
108470535 108558992
127583393 127729137
128807229 128910285
33809767 33948207
24565688 24724086
158885507 159074988
170310008 170496081
154381210 154515421
201621771 201765901
211043034 211127606
171277936 171442232
220990213 221081017
218947823 219046194
189655851 189790223
142924648 143051793
134697543 134843077
207165296 207350469
147265554 147405266
189087323 189250151
204047026 204153587
183713183 183802785
188598485 188762858
230544287 230634319
195577923 195742976
198014861 198100488
32308892 32465809
155499146 155662171
162121556 162213433
140073435 140195305
178733690 178858661
192149017 192328787
192941309 193060990
204204261 204379607
151128218 151313253
103767489 103899845
155922586 156004025
59822307 59985074
97798963 97947846
157180130 157329189
174002308 174105208
221411036 221542460
230950531 231064691
198946978 199068413
255064682 255204801
227690629 227830821
233589493 233679877
78283620 78421916
114512944 114651149
135863068 135969427
142845020 142996311
144383815 144488729
165302265 165406853
175551684 175668697
113084065 113242453
59879536 60024816
52028873 52148468
123138711 123288330
127688891 127788949
164490782 164618873
136881240 136978192
184203787 184330551
199303530 199389527
212609859 212779043
166099779 166254416
116473929 116644303
131385693 131515209
40891654 41006318
52223655 52356006
94834705 95001680
158591258 158709139
226134990 226274250
178564640 178694613
185089107 185210447
221732564 221888756
210579372 210698881
201745636 201848869
128579340 128713130
131234839 131368076
25912294 26056973
27834962 28005652
183825458 183933728
184210408 184293272
186862459 186940255
151608847 151738500
214596853 214689049
186567120 186668781
214860363 214992876
241768705 241911070
73400765 73523121
204767890 204902337
136774038 136896815
169627104 169708713
173041059 173139021
174413065 174517360
144135023 144248474
154299562 154393472
177036752 177127863
218274956 218469723
172940474 173038041
174132339 174274184
159253936 159376793
140261030 140343183
137096656 137189618
143101547 143224225
195814471 195908328
215204057 215352111
187060925 187182804
168309058 168413908
152443566 152579629
162006813 162111775
173833812 174011465
170975703 171075723
136981792 137112724
176888435 176981702
203930796 204055937
173676767 173758890
174635995 174713985
168075939 168198310
243629252 243753263
182044646 182195306
49691558 49825034
144268595 144430259
132722330 132826071
160678862 160761367
125937755 126027666
149399653 149511892
139272757 139418783
180624308 180709579
136943607 137024514
144793427 144910767
25541035 25651861
73164848 73308359
114283065 114391323
183691922 183822493
184100129 184229617
179378619 179508497
175587255 176137815
147388618 147476712
148517371 148608720
134672130 134779726
153387672 153501229
35472883 35606042
26752489 26897909
150184946 150314036
177228195 177353003
146280710 146387831
169003301 169102104
200371493 200497187
193315563 193397533
203641486 203728104
224454403 224543602
116686705 116812051
171138805 171263139
38112800 38277995
47683197 47839568
136594695 136771054
139377941 139490893
165564812 165670004
177470289 177598705
162039083 162139339
145787500 145944212
157659336 157757708
220897418 220995448
174243173 174352991
145857571 145969943
41781298 41987384
37270721 37361222
61560808 61685802
116308709 116448490
148708536 148848352
150833658 150914579
150969761 151096680
151586996 151700284
190355674 190516952
198673119 198762989
100046613 100205992
109707100 109793883
43714123 43838368
23472306 23627917
122282400 122411314
123511846 123619617
157927450 158034382
177247407 177333254
196953815 197039304
225242947 225379238
257586235 257684868
173637900 173776735
203391359 203513372
128545845 128675967
25629660 25759951
159306533 159406186
176534045 176679891
198622623 198718466
198888352 198996466
168621502 168742234
168959073 169068150
168520827 168619943
178834474 178920068
128243029 128384217
186487765 186591621
26008735 26168702
121821405 121968812
140571697 140657658
143078725 143149186
153783498 153881999
159343747 159425632
171015320 171146110
31402039 31544920
57455664 57614101
53394712 53517449
71125243 71240150
131014552 131131460
182594874 182706623
185918876 186030122
191112949 191206873
188866395 188965117
194971784 195063677
81780181 81903525
169290748 169427114
69299165 69412946
61497146 61612204
26543414 26690315
109802582 109932352
111427505 111577960
178126163 178231603
190757852 190856473
176664947 176754838
184698356 184796924
158748987 158831323
173057180 173144582
166924168 167038176
68284080 68391333
32518856 32668533
50184650 50310328
188088541 188209033
189378160 189495208
179926572 180088965
184266176 184353423
173276820 173422250
135888203 135992502
193760421 193858251
162076613 162221558
143164722 143315529
61667033 61774422
143482854 143573389
154087007 154217676
182170599 182279343
163021898 163121817
208601034 208690382
185605929 185728367
152693875 152831335
236259502 236417252
133757311 133881518
144397019 144480091
49253245 49425392
49823513 49907763
49914410 50069224
55514262 55601322
43496084 43599637
55815680 55974781
182162208 182310652
180938232 181038007
178349834 178502283
182028528 182107884
197987310 198070707
161282253 161419002
214969166 215074123
199484603 199627714
114122714 114275670
127495207 127637825
150664067 150765286
182219425 182321176
191508307 191624372
164630939 164775173
206654888 206784332
228491145 228634559
180482290 180572288
182116303 182277353
191011146 191164510
200868656 200967732
46783208 46927215
151051394 151211856
169645078 169817916
167365161 167468646
134050253 134177269
211672517 211752065
193402872 193524010
199264279 199388933
201252920 201376324
177147290 177280062
57337435 57464320
31118996 31289065
28618083 28800658
139029430 139170501
191954213 192047988
209106308 209243930
216957965 217033678
195067447 195150899
191437362 191585261
247078110 247212765
213885640 213972181
112092463 112224539
125585503 125710264
31226365 31365414
175887405 176017744
178899280 179009630
193769901 193903976
176487682 176586242
212062751 212154996
193622088 193773940
205402724 205538858
187166768 187316625
80561718 80703438
197608832 197756668
181902286 182046554
182392979 182475727
188586761 188688444
161020046 161127501
162630253 162716037
211304742 211461625
190128846 190256526
192486755 192581472
152095174 152228478
165529391 165684054
165046421 165195683
165605989 165739288
167509841 167588328
137540546 137683145
141428080 141542544
168503226 168583757
142339159 142459370
188830729 188981896
177006552 177177249
180932231 181253391
163269570 163393706
183499161 183597825
167576856 167675066
199639184 199788841
182109254 182358078
188868728 188972289
190009813 190136478
248923799 249024602
202539058 202698274
173168761 173304024
112416557 112572011
142154963 142296663
180876038 180992140
201705513 201791187
204265960 204376955
209720645 209835480
188730397 188854316
230677487 230775740
174891939 175039193
171701125 171815546
26875416 27002011
29928928 30084904
105044229 105155154
125631198 125772301
156813737 156977809
186242476 186355472
182396858 182493996
195783121 195909698
204367326 204459319
206382354 206474034
132294160 132435662
86492319 86638325
34751700 34890885
32928511 33072282
23497088 23642026
135907374 136054964
199058360 199149530
175165367 175271429
196607422 196751715
217107271 217246495
197632149 197721665
142198162 142316853
199569796 199663962
93201629 93338399
148057968 148176564
27219258 27378595
126144685 126279866
126529848 126609474
160800293 160885952
131280119 131405511
169610779 169694735
170624372 170700480
175448942 175557651
60940512 61042842
62392849 62507246
21752844 21893096
80019126 80135794
113222378 113343708
145843153 145955473
216736211 216860954
225871941 226006772
145832781 145960857
227836655 227913718
172866789 172981314
281303819 281400702
152529799 152672179
75838749 75987139
62934244 63052989
31490692 31622734
179191653 179333517
160312077 160430854
187235862 187325237
144473975 144595302
208252329 208391321
168500544 168613301
159958482 160048673
174272071 174392437
128731210 128886442
170181238 170306043
148515494 148624345
168463847 168583524
205309882 205396317
209513772 209646059
133557701 133674381
174367541 174505270
164376184 164460666
167957998 168080157
152868287 152998378
153029139 153161620
58142688 58262158
70664348 70823556
143297400 143405586
148263009 148405594
134191011 134275976
187514525 187628862
159538017 159637234
202057134 202241059
176212328 176319064
160002511 160119584
49071445 49273005
55010627 55091170
24563515 24724865
122366986 122467359
137856116 137966225
132356333 132490302
125490588 125577428
151913207 152038307
144615166 144699431
143093047 143180006
57153313 57306194
66248571 66345690
51066110 51217238
139799706 139900384
148371824 148455075
160275522 160394772
154454557 154545989
176483795 176561235
106081981 106201546
239093485 239200253
141990649 142118674
114697867 114816355
58906442 59052548
150745963 150839296
196625987 196775484
218842639 218980661
201313346 201473357
179724068 179851378
197042414 197147512
308069511 308158284
165821172 165959757
300135227 300249053
173178742 173256883
25652352 25796527
60478437 60602798
60615100 60695723
104272680 104428040
121497326 121608589
121670549 121780088
140790996 140879420
148702617 148832160
123356357 123470611
185558488 185684377
190719327 190801895
67214649 67302529
70713220 70869757
25653503 25787420
26115258 26262417
59966881 60111531
65325304 65430264
66785282 66887431
171832055 171917598
175615674 175692877
196459890 196564785
211954881 212059543
123382418 123519175
161922742 162062271
241400215 241486309
102820157 102964153
68583656 68713441
80584438 80670886
109141583 109284720
130121231 130238003
120390561 120486332
121313416 121398310
130555568 130649129
152784504 152938692
71797053 71901773
76467383 76570616
80103890 80194034
100369663 100526008
140203217 140302330
158618568 158708928
193269175 193407563
189980885 190113859
184708558 184819233
130640403 130770150
137388444 137470934
179117013 179236801
141115242 141198516
33967593 34130364
150071831 150261463
170136646 170236290
162960612 163095389
155018342 155142420
189827548 189940209
177035859 177116472
201642766 201723462
186933103 187026207
124747247 124873462
179950703 180045282
60044980 60190455
60652904 60773289
111302185 111433521
150765658 150868317
174815615 174945413
172527316 172634915
162053226 162132649
179865040 179967449
222240559 222330808
197771021 197870692
70186733 70306794
63542671 63649217
65987187 66120408
122655026 122888267
151241678 151381468
175286569 175372113
177534963 177667416
218271882 218355873
171805005 171887502
172153844 172241694
138259935 138363770
167793601 167914032
33435107 33568623
20664401 20797117
173523149 173640073
199615890 199752233
198589081 198685002
205605230 205693020
215689969 215796420
221925676 222000460
229044635 229139103
230132002 230224561
279934731 280027837
184184404 184311909
25258608 25406550
184997929 185106610
173118245 173227211
200156931 200267334
130401766 130519404
183439277 183510457
185326705 185419977
215508061 215585217
186711521 186820175
56640373 56781938
176355981 176439189
163767386 163918644
188280421 188371131
212845637 212948968
220924243 221069576
179606500 179697058
188251806 188341794
223184801 223274625
204611564 204727737
213375988 213484839
225853085 225931935
140226362 140353518
186097373 186188294
143289172 143387119
179926457 180010588
220033328 220172801
194938227 195053756
210656224 210772892
180914911 181012810
164374180 164483172
176590464 176707186
131349567 131514219
141771964 142113656
194989979 195172142
192841376 192943750
225653885 225753698
203827902 203918956
204195836 204373607
198411951 198502654
169826097 169961229
172060111 172155873
32999804 33184529
30392197 30536644
32453361 32561271
149683241 149795265
166732273 166826347
170684929 170783278
178057860 178139839
195309705 195419784
213602435 213748905
110800835 110933457
132979259 133140702
83885574 83989076
108487074 108604431
192253230 192350634
184937420 185079299
228693755 228847320
158054575 158147038
244378207 244467275
270357211 270462535
217500301 217629890
256518468 256632595
190663941 190765807
199842162 200001584
137565400 137717660
195192934 195296135
176585379 176731309
173300508 173439440
151953010 152083276
129992121 130137034
177663847 177778550
209960794 210071966
166231271 166334558
166730471 166817983
26703185 26885515
35213265 35361466
145350198 145460773
132919292 133011135
166243982 166395747
169095619 169194183
169914448 170013611
138905156 138988796
139696762 139830222
219076847 219196448
44961578 45077985
132611819 132736962
73731885 73861463
102894271 106178925
138207961 138321212
142817940 142943045
195927801 196041006
189159121 189281416
141818612 141896965
144486906 144602128
179388185 179484718
230822090 230958764
63246800 63400156
68015976 68106329
39629485 39761896
27220142 27362210
102916647 103060329
123328301 123447050
128230512 128315433
159124016 159234427
148605281 148694874
166009061 166120842
113911898 114048456
129442869 129540732
79616949 79721463
133078792 133185224
39003314 39137420
75742541 75858601
66067107 66178443
96216800 96339122
108537761 108667272
161515220 161610464
108574560 108721475
118404699 118533314
119746601 119830295
98727450 98835963
41498711 41623971
50649392 50788511
45306902 45391239
46779698 46896596
39622820 39719161
98747739 98877507
151239605 151349423
126622475 126722695
166892718 167070544
180904598 181010154
210057251 210161864
133326257 133425497
149302825 149415803
87197057 87311001
95512675 95600007
20124528 20251398
132202336 132334517
197090554 197212723
198873173 198958419
199567898 199721062
203444312 203530277
182599987 182736885
171216746 171321113
151519218 151640475
149045788 149154870
168057106 168132814
183303482 183466945
164663898 164750556
159304251 159415621
156030877 156135243
201954072 202039183
173869793 173964285
221416618 221523796
251447864 251536900
195390975 195533342
182016740 182105147
143048441 143172731
167652678 167796836
174758440 174844237
219854304 220045297
181172692 181278005
184426113 184518204
184113961 184219310
224425941 224529467
230897024 230980014
209410140 209515935
29422486 29568835
33546093 33661504
59136449 59272819
155839922 155962585
193595711 193697342
247734957 247837269
248611837 248716864
130460303 130590576
273671092 273796502
217009696 217145605
201659447 201766019
126162227 126598831
82369427 82475526
39833932 39999626
36258502 36421404
184809103 184927630
201153677 201230923
180921815 181048449
222559367 222693767
220579240 220697604
187647856 187736722
259640654 259725932
290229628 290341123
103991997 104117478
111819215 111894180
31020766 31197288
78569778 78685510
162280251 162425469
178513405 178601384
199662433 199810455
220421833 220519018
155912539 156051508
186653135 186775450
162736128 162821280
155004577 155110041
88763553 88906338
41835210 41969512
76527581 76690234
101134922 101740825
125762671 126373388
126087164 126820296
65222418 65362181
44146678 44256588
146552507 146649178
162603723 162705515
184467145 184577131
171165903 171307238
153631845 153727965
152244416 152353339
244563583 244704953
200334328 200436845
243517913 243632624
210629936 210715500
37970019 38113291
44782917 44889541
139010017 139163161
161409389 161520419
177501979 177605369
197055669 197151934
136374969 136467762
190400913 190531671
167306608 167434299
163584345 163708943
61534198 61667755
86833912 86946540
21695664 21846141
25434862 25587358
25932095 26052909
136387578 136482942
147551921 147693817
186298653 186438836
164124471 164228980
200086210 200167911
213927782 214011989
221557057 221645707
136965219 137109503
119142890 119246476
146804824 146898620
25941415 26106720
173158103 173266185
181540954 181688158
188941851 189071957
195910326 195991148
200832844 200973110
149382189 149533774
145037069 145133483
215726227 215807386
101351533 101511003
191913607 192009921
41402560 41552545
114792020 114944689
122762640 122912242
160445872 160572701
151308139 151401858
166905614 166997342
126574432 126654008
173512407 173624390
131892112 132016856
29280641 29399757
50063533 50222431
63307638 63439937
159389241 159489434
137138169 137249455
185090908 185226386
197091647 197206504
204814272 204906299
242134885 242262598
247559456 247669325
200207928 200324863
97697233 97852232
76304033 76478240
71363207 71485865
78259999 78409816
75238377 75406945
189026637 189166583
130849186 130963360
185409894 185518991
186967698 187073430
205287554 205373979
205888688 205975086
189702978 189828207
86107711 86216389
93716235 93842414
63735565 63862640
127568849 127719688
156846001 156933843
177927636 178068436
184119302 184209394
187367694 187448043
124548394 124719071
220605552 220735726
142676706 142800549
264602159 264700155
148924483 149038671
31007201 31160525
31929838 32077581
118278127 118386652
118175001 118269228
111013255 111099178
171753962 171908178
177970494 178135172
129905063 130016773
168803056 168916377
159455166 159568565
59197947 59306502
25374882 25538592
29194717 29328907
24177955 24335164
28619487 28767533
143605201 143806484
132915671 133038797
120830827 120937049
200581345 200692346
163080699 163218523
160440537 160559068
216515442 216615742
178807034 178953241
110958883 111093124
161022081 161157077
287991325 288132358
409846607 409955650
323725259 323884248
406255321 406363538
483083503 483250954
447934069 448061431
481813819 481916337
452520757 452599322
404297596 404389255
379875106 379999739
26881509 27205264
37010000 37167700
62217463 62342075
118370022 118503262
142920291 143028420
200438757 200532554
205541067 205632981
207057180 207151869
185767740 185909992
285975860 286117552
272372677 272490369
220005113 220152920
185720288 185826794
119179278 119311326
99683314 99818515
209254639 209386780
77739667 77871295
77180889 77274621
96301483 96444944
56492544 56658762
57150655 57240152
125272919 125411035
138215172 138309434
115268567 115388805
115148826 115233834
130164271 130244842
115156604 115271156
51409339 51542602
53942328 54017708
28331833 28447529
25998303 26152809
169145730 169263855
167721019 167824937
157774991 157885932
192103592 192200715
210989429 211068191
154031347 154167512
201537078 201655816
180686234 180775734
167296590 167409968
82174305 82308464
146200219 146326213
159813682 159910499
161507157 161611078
192443009 192549135
190974870 191080874
181441936 181536221
175972085 176064991
156896432 156999212
140544611 140687179
148140007 148213140
62016682 62161610
63663450 63811356
141047158 141176521
136954946 137066884
141071802 141171105
108640930 108732400
164049757 164142222
126927943 127036664
178298942 178376836
207423134 207563695
55267125 55366893
38738363 38851958
82951841 83087520
156697064 156801881
146619042 146740602
194515408 194628172
167140084 167225505
174080617 174176830
163103637 163207602
143337366 143451643
145070281 145191502
145063264 145164060
20560238 20695761
61144078 61287266
61872078 61962532
51661136 51767179
36511782 36666484
41486581 41626538
177220123 177344864
171882811 171985554
172769841 172884354
183813256 183905381
201875580 201985041
190429631 190505664
214519359 214600455
201117644 201198247
145430330 145605808
53472209 53571960
181263506 181375949
179677055 179776017
206454124 206531884
170677228 170774335
197627550 197724329
211443714 211538871
161492568 161586707
250044774 250183454
168369398 168458959
27764967 27931066
34423444 34560348
154839266 154949561
195076010 195171865
226671916 226780855
192637037 192734237
225387662 225465644
237486912 237562852
231606175 231710147
241313731 241383321
87169991 87329560
165219092 165340586
41600241 41740113
145399138 145555094
173332093 173506407
249280820 249380733
240777881 240881829
196876338 196986897
242879577 242956646
244950337 245043595
281241854 281340115
255038056 255146785
88094414 88219080
22584414 22726118
37516479 37658062
41699627 41820678
32118577 32231214
31981588 32140143
175906308 176049608
179305338 179392416
166960545 167062227
144854626 144946783
175555001 175634601
145531174 145632519
148134506 148276327
50177665 50324330
83750219 83890523
116943427 117057802
121029812 121185211
126084404 126159107
156841343 156939937
153153785 153250161
162972297 163071212
163760580 163836252
22615727 22746598
34638036 34794880
37248959 37380009
86631546 86905449
111333714 111545150
102703907 102836024
135493148 135623918
164500269 164602306
169040798 169129245
143490000 143623556
102624657 102789299
65288286 65457487
38077075 38227685
33707605 33859317
57335679 57448087
88982642 89090843
75525594 75621950
109460734 109569893
148007367 148136789
129350427 129450374
146575185 146713634
82147718 82277099
79337816 79430909
25994059 26130099
56529903 56655268
45607026 45713293
117617254 117709333
118280348 118358556
122276662 122410332
148583199 148687436
80138058 80243789
97088758 97227366
101666837 101757947
110125012 110208744
28063183 28279608
110221520 110311321
147949051 148054865
164707458 164852588
119921145 120025639
153652768 153790772
165589175 165681525
235838441 235978983
173481202 173565755
37899516 38021947
38872833 39013524
28972294 29131929
25952721 26086487
128515399 128621821
147649238 147759393
144390125 144538611
184627568 184719999
181273901 181375430
213621739 213829108
110895811 111023998
104459649 104581160
84878179 85026760
88918680 89019032
137780318 137931316
158048854 158171487
158627648 158721069
190953389 191081348
109100354 109252113
135122296 135242668
112602350 112728123
162857459 162977156
23920968 24080750
174862711 175012800
195386290 195549893
177822527 177954217
201374964 201511260
201145672 201278076
175963102 176116655
179653886 179745829
179610602 179720323
196736425 196856404
159792300 159967716
38152318 38341187
51604547 51742729
171110727 171272419
152270789 152353808
147830066 147918271
184529119 184665529
145147907 145255362
167268597 167392248
194795853 194894501
78414851 78559457
46430312 46538541
26046181 26162910
146302686 146457458
150181757 150260114
170616359 170723362
187619575 187772377
195272116 195406627
184182939 184340084
219861915 219966018
173154661 173301962
160606090 160780860
184897839 184995853
53010060 53107158
68439184 68602115
156055648 156188452
105895629 106005019
114394588 114503767
141933266 142081713
171063396 171206162
135096979 135262667
157285865 157433578
203625810 203769674
60657998 60794200
55323340 55453612
75593268 75722706
106018247 106161137
81687975 81847483
66711006 66856323
92766246 92889021
104694581 104823836
125839958 125947114
135907013 135995213
147390600 147513143
108481208 108627727
86732615 86874941
84551797 84653187
88580050 88719199
89252715 89333636
43201819 43356536
91377365 91556146
111739027 111843520
94759953 94901504
90159383 90264593
151867245 152010647
110801787 110901875
128334056 128450722
138233411 138351834
107783843 107905653
143578536 143654058
96943231 97036207
112909541 113003714
138367880 138513412
138700902 138798782
43945014 44077008
26835064 26967243
102972789 103147589
109556479 109635989
104942286 105056971
150113369 150287061
158821263 158966048
184458308 184535778
162016333 162112624
195269611 195366783
174456599 174534008
186443087 186534494
58142479 58288478
64373730 64485386
59501398 59593550
26490884 26656168
138308780 138415750
130263838 130359752
155683497 155798691
164940415 165085807
198590914 198728180
105120709 105260034
45460793 45600276
26024646 26173306
147817777 147922122
160841213 160933530
155191493 155286463
126682710 126807511
169138983 169248536
139985884 140083493
133254004 133376171
32117403 32270039
24589336 24742496
120405351 120499704
141060455 141152215
162235941 162332345
169203630 169281357
144250236 144372231
188475574 188615088
192127142 192197140
31430890 31558157
164612770 164718908
174641238 174719097
181007531 181089982
181961408 182038133
186843665 186931913
184152693 184258777
190127994 190260541
18917324 19064853
159329892 159427107
191149397 191304919
215398379 215493186
216620012 216700356
194556709 194650367
195164250 195284205
221383827 221455044
99673484 99817693
29507719 29679468
153957967 154188903
148205855 148321095
157860343 158145815
158727737 158821235
165987484 166072497
171825417 171932366
145382459 145509357
24827395 24970733
110733303 110887373
130648330 130769467
139769739 139851790
154774250 154862549
155624066 155762238
139052483 139144546
126003056 126147573
154464885 154599448
34333210 34478867
130200986 130310765
163015172 163157276
136253004 136366239
159544880 159630795
167824307 167951772
168446691 168566755
159343859 159425188
37642091 37763302
172715645 172808593
183989420 184088573
195174496 195263323
218984874 219099997
220422902 220497888
226478155 226613042
237591001 237679589
171491262 171642515
173858434 173951129
174810619 174954314
156829204 156982137
156464815 156601034
148693484 148788867
148665177 148791618
218530372 218626763
211230289 211351266
201005366 201129304
155116896 155262846
206300471 206438449
170061432 170145325
41624569 41754032
155982452 156116509
161037607 161157948
167644061 167770548
124089875 124202621
193971957 194076187
137888038 138039610
201213045 201332963
169157522 169326880
233025922 233114924
68104319 68221721
27602292 27746372
144395267 144547585
163850325 163945784
156042683 156215244
150698432 150799989
211102197 211247258
238302292 238386542
177672180 177791660
261395034 261539020
179386851 179524528
107850528 107973475
24191916 24368191
50286599 50437074
131742594 131904776
166962345 167103867
178610551 178765833
158174802 158311056
163507792 163595312
197602169 197681243
166600552 166735916
117907822 118059729
240444179 240540447
70355988 70509437
32604703 32745918
52499462 52637455
56083229 56227248
78873925 79022615
45996535 46174212
42515648 42638860
27245520 27395862
155090245 155204586
176212038 176341220
192356534 192452601
201819579 201924474
179651730 179773355
233929414 234024914
200149735 200265344
207258504 207367212
161820190 161951487
190228415 190362075
96192178 96294857
131280643 131422327
155046134 155197189
127728759 127823349
193686416 193812859
166822962 166940164
172607723 172682235
161657667 161754942
168978141 169067389
182690627 182766386
24719758 24838748
46293044 46425634
59573673 59687885
104218954 104328450
117779772 117878134
163063155 163192910
165938462 166020305
177232478 177313755
181694420 181784423
206530129 206655985
189479036 189617468
106814592 106936922
139612567 139753450
47753027 47853660
52349326 52489509
139044447 139189222
183550882 183706546
211840886 211943674
216234229 216316461
163173683 163257632
181168433 181289465
246782380 246958953
180987058 181079678
112205328 112335390
119811260 119894990
24995509 25155947
173978008 174071905
190401519 190550573
195404131 195496589
159115609 159208173
197306440 197408664
189520414 189645330
178911283 179010982
246402211 246492830
113777476 113906424
229253999 229365898
126401315 126510132
182458674 182607984
171390733 171502338
220350340 220448158
196462653 197038121
230332689 230478320
192803754 192914397
213748859 214250028
173443913 173579804
176622780 176713810
26589574 26729441
26116564 26246454
80169613 80271303
84514229 84650564
77186668 77290314
81622818 81787026
128587468 128674925
132870232 132948347
156576716 156683063
178200771 178302612
221558328 221712496
132342452 132429502
160971403 161118329
165051804 165134139
161004504 161265976
164122068 164206965
80383525 80522530
67561965 67683657
92467328 92548531
56901581 57037715
74457906 74559745
97630116 97755595
102135107 102250254
106309920 106414153
110893255 110980717
113232863 113352335
50661037 50799235
74945346 75078872
116118350 116213244
150806204 150909797
172949020 173106482
150422290 150550276
146734211 146821904
131498095 131625472
131969548 132055717
164580255 164686248
95412395 95538297
51159818 51274863
26640363 26750592
31254105 31382525
111552552 111693925
108907474 109031302
179470048 179593328
156923917 157045152
215592652 215702226
209955542 210316856
178261154 178344935
242105502 242236446
156948088 157062125
132028214 132149990
30561038 30707773
31818346 31997305
47450996 47598846
155406403 155511228
156547880 156634794
157780136 157881809
135641810 135745334
201376328 201471409
163137513 163254354
191507860 191606625
128090698 128212633
66899853 67028097
57007432 57116004
138022876 138120479
147950305 148077156
168001778 168110452
117610813 117774770
117916776 117994245
30589014 30727908
137062936 137175689
150346899 150441546
155741220 155826323
184018028 184142200
180680606 180771585
189258847 189361717
180571439 180693243
173579275 173679082
75870818 75989736
195445734 195584292
30198738 30356880
173297285 173387590
182344383 182438905
212731403 212842031
226146617 226231453
146408226 146552092
247450530 247561317
177376242 177518808
273789922 273891688
107225602 107356013
206182907 206263178
25954783 26100421
30196568 30311630
165057277 165151109
179290735 179370466
220907509 221023784
183429773 183513297
242024525 242117064
250674851 250784390
205351659 205485895
217810213 217886062
143273880 143416982
123631091 123738945
33031660 33171947
25164273 25287183
186238921 186456462
184010889 184114545
186276429 186368411
197842270 197947939
152985916 153116047
220281751 220380990
238338609 238420636
187446164 187558035
105981448 106086044
90621909 90719974
144525848 144633072
179492319 179593716
234856626 235005552
208924112 209001758
190412081 190558825
215757198 215902796
216667657 216740442
191768665 191877299
193515729 193603232
199973776 200058922
36066247 36200351
27765751 27871248
158246540 158386736
175607767 175921972
165445667 165541734
186310353 186420406
223384128 223474563
208354302 208560142
241572966 241657311
243204437 243280844
127606112 127736950
110070966 110194782
39523653 39652425
34231840 34345118
99784862 99897035
154668100 154799732
156705859 156822543
129258782 129372532
103281201 103405248
157736782 157821541
170821960 170905102
178897248 179018731
73383350 73509537
77140534 77238104
27107207 27252011
137733338 137845315
141092166 141222604
174954131 175078549
171074150 171180544
157107220 157205847
165229894 165361475
169356150 169441646
173333244 173435530
250917198 251019771
133574979 133710497
120094510 120189067
152034766 152175207
155460163 155533919
178518027 178623728
173475488 173630888
150562334 150665273
181164471 181265964
188828104 188911441
167005446 167093631
202118780 202206988
149089900 149194161
130378211 130514177
141355395 141465347
158990629 159086579
167460238 167592499
172241744 172333953
64601178 64745557
82309581 82437074
108390551 108490650
113074856 113168001
154097887 154224375
152484615 152578067
162690253 162775296
165558889 165643240
174841634 174936119
179418118 179507974
104666575 104812730
198147589 198274614
103641230 103729196
112283247 112382437
29599772 29743361
147174522 147310562
166764479 166897438
160751619 160828793
187712372 187825591
135185643 135313269
164190208 164285793
239347338 239441024
171295646 171380183
175047070 175140461
69947396 70067639
129837319 129994653
144299973 144385532
122558573 122684250
141808660 141918923
175598362 175742247
122160811 122319552
125650778 125736520
147136531 147289927
152533623 152625790
149890243 149979897
67222853 67375260
81998120 82105475
126774541 126884246
156787228 156946238
114809968 114913169
194903725 195027297
155741734 155899030
175138896 175255333
158692210 158767285
179897017 179987419
25270623 25389330
60740161 60878142
46039126 46145111
27354557 27494382
139489265 139575537
152166172 152254636
173069735 173203873
155465065 155602351
211142983 211234674
218331793 218429079
100711037 100804968
118719668 118850545
71856116 72010753
36248249 36372705
37051952 37178944
39311202 39440466
56232024 56362112
122563010 122690010
146795595 146929828
187385232 187506342
174259168 174427230
132594918 132697148
199057119 199154204
172851749 172972789
116267343 116387468
112368780 112476520
81922227 82069105
41698011 41838207
24140369 24276965
46825199 46936684
154895790 155034227
164017602 164155113
167559814 167643668
129432272 129521218
178551529 178648148
187705378 187803676
156870309 156970953
109305521 109449748
45257998 45381377
112059091 112153492
134249059 134409014
142990203 143105754
200866135 200979548
173057700 173165735
187147112 187236820
150451041 150566730
165245986 165367115
136178848 136319921
147593742 147708122
160496471 160575477
25677944 25812915
34475747 34645887
156383010 156486022
160243464 160357223
203526270 203626957
159294586 159395787
198473908 198573445
207241653 207324873
229321760 229447502
181057907 181194595
89689351 89821264
30639159 30783153
145622236 145735665
202577913 202713607
183723822 183836052
205545772 205659852
189374049 189449124
210803557 210887241
202219418 202309913
225699000 225791073
160909835 161064304
236292012 236405125
25836134 25983673
40178856 40281817
32250279 32361295
143240217 143334464
156677103 156783226
190378455 190483946
212740974 212840176
218492606 218590162
246330584 246445216
249446519 249526462
138866612 139014037
101542312 101666973
102179181 102278295
28454683 28601185
61543428 61658860
155318232 155440106
144028143 144118406
188586383 188688088
228804066 228927977
158266123 158345282
210267877 210351232
220637433 220746600
203397787 203517733
100601417 100760400
60985924 61099547
26207547 26348333
160334357 160479587
169075100 169188980
171302760 171401818
197859521 197948609
207208135 207314092
207679579 207778360
170605754 170725089
190357391 190450442
191632218 191753105
110008017 110115489
37495800 37645203
109125622 109276153
113558951 113654609
125358159 125436070
141654301 141735114
151852470 151937906
162722204 162805724
58088466 58198837
25510935 25653991
65320091 65418414
75669339 75793666
81502288 81595145
110116307 110277625
122896140 123020280
120581910 120678536
139902889 140003821
147854634 148028411
66352836 66483042
134533442 134649812
41115450 41222823
45043335 45161095
29850403 29970853
20907554 21011706
25087676 25185443
70422734 70539126
130833498 130921455
133920818 134004611
184802164 184921557
179002055 179127578
101711748 101854111
162546500 162655453
172944522 173087573
139430792 139529765
113854523 113959207
37367327 37477069
33104165 33237437
44260482 44374535
60868790 61001848
114479209 114583671
151379893 151471256
191810874 191924907
179546845 179663662
153684729 153767301
209348563 209491962
177266278 177356294
103647931 103794346
95360827 95474033
44436762 44554242
22545165 22650740
33701022 33872885
29946922 30082404
171253005 171347431
173764398 173846183
214952491 215060431
184908104 184996984
143027304 143132707
204392625 204498756
229375278 229453103
175524392 175661109
73441259 73571390
112648198 112771934
60718901 60858220
81926024 82030015
67729621 67837263
48053420 48213235
49654189 49752896
90310327 90421293
160080193 160180950
165529212 165611369
157349266 157433051
178882996 179012421
180378110 180455517
149369400 149513417
209152018 209255803
80787573 80887453
114392674 114558303
38459477 38582634
121914045 122042519
152262910 152401248
189629198 189750089
180680839 180784135
181824682 181927548
195068611 195235004
197494249 197599278
156330754 156441198
155823860 155940583
145092757 145187073
29795552 29924273
35314428 35437210
44900569 45062765
100409410 100570293
131306108 131394863
156999318 157106814
140917223 140991518
180899440 181040891
198361047 198438863
188145175 188250795
91477549 91607409
127366598 127490024
48076203 48247277
25644335 25776722
25544527 25663931
176382290 176544989
174078673 174167087
206539043 206635220
229732348 229822579
188147082 188222771
192090619 192192724
222808052 222895587
152129890 152282098
239715122 239835163
51018241 51140764
66779845 66953811
85685705 85790131
86087199 86215503
174751085 174859753
143212312 143297527
198172787 198281501
157507097 157620524
158608489 158693411
159712312 159797372
25827724 25936946
35541138 35654064
58990183 59101554
26599263 26715568
20046266 20182952
137462332 137556486
145165150 145278727
171578088 171659187
181190760 181265076
191856706 191987291
155773894 155920538
155684915 155801411
270264055 270370835
161617234 161710002
120674149 120780123
153168570 153269902
150370148 150473504
157753109 157870607
206026800 206177725
206381485 206482876
187702320 187849459
159179849 159357265
168157929 168248204
143251062 143406758
175173904 175262676
68300323 68430218
73150259 73240087
74759651 74889763
111506942 111613384
109773466 109865926
159245143 159400380
152903673 153017897
136924416 137017866
140581152 140672690
163584101 163670379
74578518 74688665
86583528 86688415
80706347 80803255
26369572 26478147
62621234 62723460
70872191 70962532
79784845 79909999
89055112 89383326
111875538 112016203
100084991 100167490
60539148 60649418
80892504 80988731
96443530 96570994
87510200 87600537
26092428 26307229
62063835 62193155
59214336 59307373
98372358 98518590
103596636 103727072
123138109 123223486
150359019 150459529
119400117 119535577
82634702 82744288
104584674 104711891
112951559 113039122
64187055 64298121
71229360 71305923
37611761 37740315
89706563 89883285
127091508 127188307
116528687 116639501
83605784 83717406
155857440 155954422
125876228 125972563
131043929 131122974
137294008 137421746
151127387 151207535
85051768 85158926
45615562 45731728
71732290 71845720
87859508 87939024
97844911 97951303
36976640 37081794
89044583 89150149
117461916 117575797
113205376 113333469
180296697 180409262
213703416 213802863
203877095 204003097
122047546 122151943
135232202 135351078
117935875 118031801
104550853 104677658
44387840 44512959
34851663 34941920
88900751 89020717
122695059 122821233
197246516 197360259
151219828 151343268
151179938 151281619
168280511 168362510
179160979 179267029
188443388 188528585
133364135 133464575
120759851 120848296
33813569 34031867
37531604 37696427
51393558 51499380
73817403 73941783
58310743 58434991
123678332 123797656
117745653 117831653
126914288 127037591
92037009 92137200
119847211 119951368
122207898 122281287
56308966 56403303
70334821 70446263
28160646 28279863
156749064 156835361
163791420 163914536
202436138 202508234
207199665 207277904
207506681 207622323
200824438 200924677
140235308 140333988
172472143 172612019
142405883 142518763
107723121 107828921
36116934 36329444
186217548 186329607
188282497 188363335
200109713 200225314
221443854 221607868
194436947 194515205
205095763 205201245
159712233 159847587
190054393 190150368
186205116 186302342
94859757 94968013
81852623 82009651
142774114 142894810
182597428 182716399
173378251 173476504
178621955 178712521
184950902 185102274
148314348 148445841
183978878 184065271
234305698 234409188
177444377 177568158
38401135 38521325
20463295 20589533
28044492 28169129
156166400 156292373
191801009 191877956
179529857 179643731
179312561 179418849
223041761 223155470
155566342 155681184
219214503 219290442
103611017 103736571
257211956 257297085
166340933 166461761
106572610 106693365
127915668 128051951
183800362 183945408
192339243 192436430
199850252 199926858
149065688 149181959
146714009 146851375
110646170 110766650
60650141 60759431
86066396 86226191
115154475 115278218
141303459 141431071
122803716 122930992
138872012 138960229
163934401 164032058
147971709 148100024
193646559 193812120
133139738 133242071
41857500 41963913
37381498 37489162
27971450 28107475
102052960 102149637
141652428 141785067
137333094 137450476
162490222 162599321
151411465 151525925
194861482 194965308
183959149 184058722
119339282 119458300
114633895 114738825
170625969 170739725
23575878 23713427
45592412 45696044
36887100 36998968
66655248 66816563
93024743 93152842
151357192 151477648
151300166 151389848
179580384 179700714
187776428 187863138
190503428 190601362
75054043 75182864
179191570 179309425
136281744 136412022
126255548 126360060
52195287 52337131
43389098 43520647
38473716 38557353
133928917 134053307
132931925 133019977
139390681 139476641
121317043 121411938
183616497 183754330
143890425 144042224
162134018 162274854
200711133 200816247
100358498 100462399
101177017 101304852
62658445 62777200
65158132 65250645
77059798 77190460
19714838 19900161
56672255 56780121
60891900 61021315
72408001 72517215
91669924 91758796
97463750 97582866
123981085 124118705
165071581 165194255
150583271 150690049
150780346 150857572
154847661 154945612
155691955 155764799
161359669 161429090
70635002 70749782
69982323 70059203
71697443 71811774
30336068 30471982
154789942 154943363
138299585 138375409
160439365 160527826
147408200 147490304
157562657 157648567
177737298 177825025
101360792 101495219
128227004 128359904
120484763 120568118
89498740 89640367
172059176 172164588
184348478 184440996
220868859 221000314
220292024 220388566
212169206 212264590
190187465 190302758
184904257 184996732
187268580 187364539
240757222 240881514
207949125 208081691
156075788 156180996
158974553 159099469
158055766 158205241
164795750 164896557
172378128 172479304
205278612 205408491
158765765 158881686
217548314 217684125
138745348 138877328
145561386 145634962
33441532 33590238
89291010 89392856
126654888 126793545
133971166 134068427
155875223 156049537
96036497 96145932
144283482 144370235
167103243 167179157
90023192 90111866
101426277 101530865
25509505 25649367
31465028 31578142
33639290 33756832
40110879 40204958
92730057 92829485
98060889 98135554
98463416 98563551
101346567 101444139
139092505 139201714
89645637 89779837
66543095 66630991
50904391 51029142
55013773 55112481
27048225 27193488
131007459 131103018
149824407 149932320
147700751 147815316
121671225 121777262
151346426 151445357
185797433 185917371
121739844 121835754
132695438 132812934
216111050 216228356
85362235 85465932
176924022 177077785
177381072 177580840
178932066 179027798
183701427 183794637
203112411 203204558
169062129 169180648
135455242 135573280
153572237 153655709
151211212 151316219
149782973 149875463
145253378 145396391
185954162 186053954
180438915 180564755
197567588 197681686
175249943 175391713
181777949 181864431
221456495 221625356
204854485 205001673
264207489 264293791
215489987 215578435
36102521 36236162
52933521 53042760
73679871 73768011
95122788 95259694
90456433 90557730
126693708 126823203
71472458 71807311
72648523 72738102
44763375 44859505
53824021 53951145
57439647 57599823
98264925 98405392
86111467 86197358
112076111 112169334
58379060 58490273
62353550 62476914
43362871 43470039
27507315 27633323
38689752 38821591
46406191 46561428
57033322 57155668
64436495 64537087
95528693 95657902
87446360 87591315
89809470 89947650
82611993 82704673
99621747 99756452
111942648 112049046
92486109 92623240
69673039 69779500
57355465 57485358
50547143 50648154
60364971 60503394
69038972 69132720
69877401 69988802
55067422 55201585
80965971 81123461
92757066 92913572
109993688 110121093
139974927 140066892
181292456 181404002
145284191 145370401
99688029 99824514
73556172 73689228
107951876 108060069
81248239 81407340
89754608 89849674
50747423 50915508
112992351 113127370
149339750 149452272
160528106 160621464
160524841 160669635
187629454 187757821
150422788 150542390
154012426 154128479
97509241 97625961
116820489 116932603
94314617 94437305
26684510 26826400
23779305 23883369
39244833 39372007
148353860 148500794
165423001 165503277
124736428 124849057
163257650 163365207
160367253 160491545
142963436 143068517
221995433 222164428
63086159 63220812
75291808 75380831
122988583 123095882
138005600 138083595
169646594 169819260
185713193 185810508
176568109 176683101
157305404 157454498
221210593 221319983
184052775 184133692
143219069 143329727
174134362 174241058
149941756 150093568
150286202 150362961
166678549 166759511
166364542 166521857
172690022 173178054
169735559 169817449
189507220 189580295
154143451 154291982
155227422 155312285
164873730 164956106
63284397 63379631
76970051 77098530
105544391 105668662
138078328 138229286
111293602 111387333
151770635 151871659
154680051 154808792
142239181 142329246
181960295 182056350
161228858 161383164
55923657 56045235
50269080 50379419
43831979 43942514
55936343 56047305
143472130 143602042
135512112 135618508
172122081 172233801
160815693 160919065
110818896 110910772
127922491 128074086
191364733 191452814
199105285 199208332
93412027 93530833
87556028 87642191
51171995 51324639
81595034 81752737
85893563 85995583
134146597 134276658
136492095 136606038
134027459 134135001
139333243 139475077
134133778 134237101
180121047 180199465
149661328 149792437
44760310 44899771
34186992 34309914
106565054 106731100
86108479 86192532
99330069 99438137
116196109 116294099
117587206 117675334
52559736 52684525
38481760 38582465
112221729 112342219
166245522 166401532
211796465 211918506
213341111 213470229
150286443 150371449
161601045 161704156
217459827 217547686
161108856 161215945
177695453 177809994
173119772 173229178
53235662 53335598
59721243 59933432
181321216 181410820
196893042 196969861
168922522 169029500
199007076 199090839
148117127 148221223
250181401 250310146
196238394 196338931
256056803 256160660
110061208 110210568
92412985 92508135
123287347 123449787
129154136 129247532
174782640 174917913
146048233 146148869
211938692 212024144
197943663 198079706
184603003 184733385
184184462 184288137
161651682 161772536
169656104 169751601
62568464 62754062
59677508 59795179
42944638 43079697
114900127 115028563
139804212 139903580
89325947 89424937
152829469 152903346
105034763 105139933
122990850 123085321
128412170 128509287
53576945 53708261
47982898 48121709
29257695 29393642
44313191 44453956
53614775 53714054
26140261 26287382
75224052 75323156
136525245 136679145
118974688 119066755
122849371 122963345
136278408 136366717
141639032 141760855
65538230 65682758
128509287 128622394
29973779 30116593
105255764 105411814
150737258 150862031
196700391 196834804
199807108 199898590
166928979 167031627
191537495 191628821
191581757 191680513
199842547 199923842
171845629 171977836
77311588 77448331
35424633 35577427
45145889 45279721
140834046 141264382
188135114 188249250
195642163 195733022
170135512 170222243
170464867 170541390
169112858 169199242
170160330 170253177
206255648 206409108
115155419 115261567
47979052 48136080
30771250 30921453
144792650 144888928
140309530 140406826
206700286 206864550
183498957 183592451
203486964 203572131
217075263 217163525
154190669 154312001
156850759 156925914
61854068 61994862
166193150 166323483
48662990 48811168
43571819 43687134
133460272 133574248
164456581 164574315
208277616 208350005
209230545 209308620
228545548 228642921
255085812 255175569
191297127 191439885
302661638 302805605
117809139 117893242
119663686 119801251
30146590 30300821
28854966 29023412
