29557735 29890743
25849098 26050461
32569481 32791602
30142801 30359264
27990268 28186790
26616940 26814311
32326813 32541450
27116958 27327655
26315167 26532869
30235188 30443766
26836699 27044209
31408505 31669214
22569701 22777356
29510114 29710337
26221506 26431581
21588348 21795441
29355703 29590174
35013655 35197339
26114323 26319463
21049110 21266623
26931874 27150648
31328751 31547262
23305666 23534618
26734802 26945578
26003039 26213118
44503046 44711752
31773114 31989854
24661637 24851800
34063578 34292677
21512839 21718302
29457376 29660190
24238523 24460692
23545539 23739053
31914285 32159584
24572332 24759799
21014340 21222103
35007508 35222591
30539890 30775499
30937626 31185230
24702987 24906568
28817383 29063083
31003430 31197447
32512951 32700658
25940170 26135916
47880397 48098956
25401748 25653532
26807627 27014494
30220083 30432905
27360570 27618388
35818849 36035508
32599878 32801975
43119539 43322803
27323287 27541815
32538509 32756093
23499397 23684438
29890213 30113777
31551213 31855637
27004494 27209120
30606011 30819437
28084256 28309746
29682264 29890022
30153957 30347702
33673027 33866160
45479816 45701982
27552790 27748353
34025600 34224156
32188103 32411332
22244178 22447636
28644285 28861034
26371542 26576491
33237221 33443111
33121671 33327854
33485999 33737831
30382130 30584877
31512018 31729907
20659986 20859908
25593939 25833412
19777374 19976072
26342948 26617722
25442063 25626182
30800415 31000159
27091354 27310814
26072773 26260302
28562396 28741582
43780816 43968284
21046203 21240813
36232441 36437397
25516767 25704800
28754350 28976493
28976418 29236932
31397073 31632897
30127413 30347615
28740944 28952551
33968238 34165923
26034243 26213944
40931670 41175479
28630207 28845276
19494768 19672880
21693974 21887642
26254482 26452573
32213492 32459311
31924188 32149992
32412097 32600434
33247037 33452263
28772602 28977103
26056417 26276990
25583842 25788114
25084067 25303807
24526536 24755665
32034668 32263735
23611452 23871273
31893984 32125536
26966153 27167794
30408847 30610815
27152071 27377615
44781066 44989933
27175116 27377596
27574422 27765352
22691673 22899723
31544199 31750837
29659418 29904332
26838886 27057403
24480199 24712535
23524130 23721129
24145538 24341701
49667586 49875581
32305264 32510747
22772865 22977814
26613975 26820572
26879452 27064264
33625370 33854513
22806817 23097799
22197579 22421962
48313990 48518516
27921007 28162859
28367101 28581372
28414984 28641832
31341213 31542661
32021517 32225340
33658968 33860239
25007213 25216731
33682347 33874891
25606100 25814351
25569322 25782697
49070481 49287636
32464266 32687783
32636151 32828862
25995137 26210261
29485371 29699383
22348376 22554856
26183809 26421411
32944420 33201124
42816924 43049601
32173962 32380344
31222791 31484854
27893333 28090959
24763838 25024440
29161954 29373211
32137150 32351679
29149670 29388598
37138014 37344199
32504043 32708219
26425432 26644027
32394674 32596797
32081622 32301187
27927650 28129682
26761774 26978053
35035002 35253195
32534051 32776247
23663118 23849895
26349805 26549713
26077637 26271533
26279718 26503324
26510366 26735571
24664636 24907205
32124388 32350670
23197650 23395940
22188348 22402562
21105055 21294318
27467338 27724948
35501405 35692578
24716836 24908604
34197700 34438786
26494572 26706914
21354655 21557737
21687847 21917798
27657297 27859362
23664108 23874872
23119039 23374496
27364830 27595054
22984626 23189573
29071818 29333368
33167148 33434134
29118788 29340729
28020469 28213632
24516683 24721521
36213989 36422685
32209997 32467581
32312972 32552577
29435983 29664186
29163612 29366474
30547189 30745692
38989436 39231950
34980819 35166349
34890257 35057612
23797236 24009076
23764014 24027926
30346628 30519858
21700908 21895462
25363240 25548604
30679694 30868338
21903938 22117718
25325410 25519103
33686635 33935839
33099807 33320019
27974058 28193377
26013066 26246809
24961755 25162095
31936820 32127305
21774614 21982151
25212048 25416038
24233135 24453737
30988482 31175284
25996114 26173173
29653843 29880558
22323906 22532737
42106980 42352103
21605129 21815141
26050509 26250106
32015406 32224621
32598972 32807701
27047262 27266122
31997231 32197110
31206398 31466474
34944559 35182908
21484240 21739236
26696294 26918402
30686391 30885455
27666271 27856359
32270872 32476830
19886582 20084315
30780761 31004463
25315672 25496222
29706850 29899969
26756291 27012449
30419945 30645876
25028333 25267458
32170013 32394972
21050499 21253623
34160873 34382443
25854724 26067836
24159278 24375812
28929352 29140374
25225198 25467102
26461387 26658399
32550326 32767101
27212184 27429364
27017235 27279013
33796138 33979393
24902136 25104277
25100402 25316395
31826636 32040402
27039021 27252142
25311985 25499757
28813353 29070081
26812936 27014592
36780642 36999294
32003503 32190327
24300600 24550412
31198152 31401565
29068624 29273631
26835152 27044730
31865193 32087575
24138451 24330730
22523933 22741127
32372703 32607623
29834005 30043427
31301356 31525940
26053925 26254930
25092532 25337739
29513198 29716936
32210992 32421914
26371950 26599543
27043540 27251641
33214067 33433046
23451496 23660119
31747512 31962313
20892999 21116853
26029408 26233555
25487413 25684364
21271677 21544288
22467054 22662467
30800022 31018693
26755757 26970996
20801441 21015426
27382627 27584399
33641505 33830486
28305016 28525167
27100798 27309863
30631413 30842328
26255048 26496050
32723981 32977294
24382770 24590308
29270179 29459731
27299534 27490022
21102614 21322651
34713724 34946959
34556310 34767325
22746393 22948889
33657743 33870735
31992320 32224810
25093594 25301937
25683910 25919834
23360748 23554894
32930672 33190404
28380363 28583251
26518678 26708923
28929323 29139823
33697205 33903939
32583552 32806736
22786692 23009752
21624088 21876800
23605049 23825403
33135233 33362000
22955268 23143677
32987830 33219652
32681579 32903477
36663092 36864315
31958667 32162396
28052177 28265582
31938165 32146497
34649630 34877655
35322342 35510854
27429417 27680274
26098381 26333416
31763927 31997102
35761447 35988636
27889831 28125642
23864531 24086314
30669399 30885354
22566613 22766035
22745628 22996358
25413799 25616701
33805229 34021877
21671635 21904165
27908886 28174552
29758965 29984445
29194566 29398630
25397365 25631610
44705802 44908545
25330168 25539359
26997404 27232926
22505227 22701922
33448787 33651251
47572216 47777619
48458053 48701958
29421203 29655234
32116585 32330167
22356620 22544416
30068606 30278617
26314776 26503220
35098199 35298074
25574531 25802623
20225418 20422678
26941188 27166489
26310765 26541684
33486190 33721481
28830040 29083210
26626747 26874549
37354882 37569799
30008289 30199862
25573566 29671253
32293549 32536502
28864717 29110629
25383159 25615432
27091387 27297846
27200654 27411643
30365680 30576915
20817760 21077709
31476404 31735599
31678044 31877735
22900802 23109589
33428079 33627135
34616986 34838722
23408623 23610144
26469954 26708630
28601442 28790876
20410616 20622018
27078161 27283269
20702152 20943132
28551260 28773397
32488028 32672955
32199888 32413283
25929703 26158605
22400934 22602895
24026379 24286158
22507677 22718997
27071215 27267805
20880735 21104434
21196099 21409849
21720814 21958456
27047786 27250205
37219178 37458738
32261065 32474855
37324446 37549618
29283416 29509879
28647847 28846855
26802187 27010494
31998672 32197034
18765626 18949102
29443434 29642214
30713623 30982137
26621268 26824443
30791591 31000923
27898494 28115885
29694616 29905225
31828343 32038645
27528197 27722176
29359747 29556558
37115331 37313054
29493379 29683587
38411215 38625980
34794200 35030656
29117136 29320771
23248501 23464844
34168641 34413542
28050272 28264605
26005857 26212881
27049780 27230215
24269381 24502306
25310421 25520521
26711407 26924323
28787432 28989137
26556562 26813485
40322468 40568138
24702376 24888893
21045660 21271167
33297380 33485335
32174370 32387196
27404160 27631479
23630492 23809169
27324847 27553686
24634076 24851238
24014675 24202870
22590786 22839639
27346810 27552958
22848701 23064506
19728127 19945784
18951488 19168236
29721370 29939445
30279192 30489009
29814671 30034205
26762247 26966702
31273380 31489999
27811834 28024504
22545560 22775885
27910154 28131850
29883138 30114593
33365641 33585036
27464969 27695197
32587902 32769273
23928079 24149300
26709417 26968830
30352616 30549698
25330444 25544344
30362805 30554942
28481135 28736098
37140645 37336021
35136576 35339970
27496739 27717693
28138625 28369142
30425124 30642146
21101481 21328240
31863013 32070078
31055411 31261993
19882678 20067699
28336483 28549863
25504977 25743135
29589409 29799010
32306033 32536797
22452945 22665351
27915163 28116533
24336576 24527961
23683259 23886093
24319453 24493784
41140392 41347938
30068567 30259339
28656617 28843866
28559628 28811159
40697648 40917112
35076836 35279113
32386364 32609602
29946671 30200774
31038470 31242709
27893007 28102896
38574544 38793627
25227004 25428229
49082617 49311403
26693983 26873042
33551985 33795623
20560102 20766955
27314677 27527575
32973402 33174509
29221443 29440800
29792329 29993665
28025004 28257599
24534956 24765841
32785957 33042600
24138392 24332341
28416592 28643172
36038379 36335423
26326102 26524371
48059159 48347868
33772928 33982861
29018234 29222556
30008955 30248907
26640928 26880811
32236047 32455839
29824741 30052943
26531300 26761822
22200457 22399088
26367914 26600765
28550778 28777037
20777002 20983877
24945737 25183886
31715794 31908271
25986760 26185736
31001396 31206714
26902786 27141107
27252381 27456977
23780688 23957979
31803647 32038485
23132193 23362144
28490997 28718819
22730830 22943443
20910254 21119948
24998018 25206474
32331674 32537236
33495306 33698280
35543255 35756948
28789505 28999680
20839397 21040290
27026803 27228738
35090787 35328444
27205687 27454510
29889606 30091915
28803026 29007261
33591785 33789289
28838889 29055722
28669648 28888909
25786863 26005276
48050582 48268077
26988090 27203820
20582051 20778611
22388385 22616508
21403779 21618756
29203326 29411914
31099895 31326528
33216816 33417940
25803640 26006290
25532059 25739568
24074427 24278768
29958390 30165268
34763846 34994998
25976266 26225932
18885947 19086661
30888464 31124223
33392294 33602314
36283561 36495415
28047746 28270912
18716998 18926582
20727063 20963823
27394981 27600697
27442696 27644012
20842656 21044005
28497535 28719578
21644893 21858910
22778324 22982878
29032615 29282171
30144614 30358977
25215893 25426047
34685502 34912997
27015870 27220529
32645968 32872733
29329689 29530694
31927839 32144504
28877026 29071606
26100395 26328198
26783476 27005025
29027038 29267715
32830180 33052191
34997411 35188603
32666887 32893797
32116968 32334827
23730506 23960589
28373639 28569787
27892139 28102071
33808903 33998292
27580535 27785416
22845781 23040324
27418010 27641441
43270650 43527070
19817076 20031453
22515581 22718125
33382979 33584706
24490806 24715639
22275047 22479512
25071966 25288036
34752213 34971557
24272459 24480872
26435030 26665714
33619960 33872790
27632430 27853333
25865016 26082774
27503707 27715049
24289608 24492195
32316091 32542422
34052244 34256452
27689328 27889091
31795655 32002177
25885371 26086002
29831306 30030813
29690958 29929136
26926287 27133739
31774026 31981911
26877384 27067496
26066503 26284473
26541404 26775356
36524441 36730069
35880140 36101690
33068650 33278682
37736615 37993113
37597247 37829514
25256423 25518127
24940422 25137917
32238687 32411994
26798216 26989615
24461181 24664010
26030703 26261767
18993113 19243041
24113944 24316157
19750341 19944718
29882444 30078182
26680808 26896356
35069796 35276577
31903840 32133931
33042399 33243896
32984139 33183620
35074808 35317644
26984060 27238790
28788688 28984936
30490900 30697214
32466592 32672529
25629974 25862061
27119952 27345414
26646169 26854176
29111290 29361030
32969827 33199407
26405949 26606618
25151745 25360636
33796661 34017873
26864768 27081180
19819456 20048492
26810869 27017595
33048592 33262665
21938555 22140571
28680919 28896409
34864378 35115124
33069554 33283552
42212991 42416300
28967743 29169467
32514183 32714476
35924130 36135325
27815811 28023981
31586802 31803888
23935353 24156470
24275975 24492001
31790138 32000046
29427667 29666109
26959333 27165752
26823580 27027721
26589459 26799733
37531599 37755467
25498440 25730063
36562911 36754997
28044915 28244638
25546511 25755469
28067238 28271525
25486480 25678647
33510226 33734547
28664503 28887085
31368091 31596110
19379016 19580793
43999076 44203435
43754948 43967835
19886497 20093894
33164061 33368665
21103798 21300255
31046128 31239817
25683732 25881461
29104124 29307603
28381507 28549638
26089180 26290922
26890175 27090191
27327106 27533303
36506921 36756366
34675168 34921483
44907173 45108951
29621791 29830271
23008568 23223324
27486771 27722572
28677906 28919876
33682106 33890803
26837318 27049113
25187330 25386866
30551648 30773203
36781270 36977032
32414807 32621976
24755448 24964670
25408896 25605995
27503066 27738141
31215998 31443103
34799602 34993979
24027402 24276452
24747620 24959462
26543237 26760798
27207983 27427264
28297242 28504360
22908203 23094483
32791765 32994522
27871821 28057677
21091460 21283846
36138828 36396112
27236562 27415748
27224788 27434202
29323062 29531581
28151928 28400923
26808037 27013734
32743060 32947429
32215170 32445859
21805912 22012778
31564483 31782084
30381634 30642205
25610204 25846626
27774555 27986408
22920690 23124229
22949154 23147798
22247086 22450423
22297083 22504891
32659456 32823615
27395624 27596955
25736874 25949896
28870689 29074167
30085940 30296391
25391781 25633684
33748798 33958666
32031941 32242692
32091427 32298816
30703510 30922313
27863079 28081629
24472405 24660546
29512641 29710915
24402175 24605444
20873389 21082549
34063090 34288958
23372841 23607993
23357440 23595422
32753964 32951328
26865002 27041128
34046575 34319483
37274873 37481604
25406150 25655913
31125943 31328357
26051810 26266469
23431574 23647703
24586993 24816782
31799558 32095406
29523819 29760564
40566349 40770722
25225700 25423352
25229352 25439033
32371457 32569772
29036705 29238141
22509757 22723498
26777138 26966601
22274794 22453930
34643775 34865033
32546332 32791839
26697110 26894039
26828080 27026961
30349462 30607807
35661380 35903573
26509198 26700104
32838566 33067814
31294705 31500605
28802568 29051906
27308478 27528029
33002836 33229975
24608533 24841006
26605401 26808648
39024677 39244844
25933323 26147737
32820313 33033981
31651229 31866339
20584792 20792619
26098851 26298738
28329825 28504196
25159570 25384613
25062915 25273956
23856106 24051171
28667676 28872129
27417067 27667629
23280304 23507657
33755928 33961002
28081208 28311187
33164571 33389677
30912347 31139225
26983051 27188486
26357187 26595103
27907059 28105886
26404726 26640505
37400857 37621210
22134089 22347644
21888761 22074757
30524051 30753197
23074557 23274051
24946346 25157161
25319074 25556583
20645882 20864476
31636165 31858531
26731241 26939706
30511023 30716563
20592411 20876868
25933694 26141891
31379349 31569946
35546624 35752373
26049002 26239294
31282829 31482946
29601171 29812478
35690503 35904602
26441881 26631004
19016097 19213090
21454619 21647698
28433429 28668799
23552602 23748601
23763109 23996820
27004946 27211965
24106325 24327736
22946837 23152288
32295527 32480853
27369793 27573851
28663299 28867944
23001244 23218605
27490367 27691064
23941546 24188649
29581388 29796181
25269835 25489839
29663176 29856711
31725442 32135161
32883306 33079723
30996511 31205302
22587711 22790879
31544254 31743621
31060863 31279430
31569396 31775349
24506577 24739380
27342204 27552595
32124981 32340792
34362788 34607139
25032669 25228593
34377780 34588775
33660302 33873856
32708395 32930303
22017033 22223324
32159870 32362692
27215882 27429220
30374682 30628144
30792579 31009309
26617092 26828318
28277940 28473050
27961009 28188757
28961329 29169658
33327119 33538371
32142496 32363644
24717820 24921578
32987894 33209938
25837923 26068094
27656039 27898541
27223283 27481959
26298029 26547983
19498377 19711842
37128811 37363092
32776389 32971525
25047819 25256660
48727608 48933042
28550087 28780746
24877134 25084497
27396927 27581135
28336448 28575373
31560235 31779081
32040433 32246191
25137872 25359126
32247776 32480286
26953220 27189987
26997815 27204421
29348194 29585125
34506809 34700504
27282654 27479537
28435210 28662980
25293048 25541973
37553011 37824785
28968736 29172707
26195953 26393350
26145291 26372028
32145496 32342784
22560002 22751800
30456422 30667383
26590539 26813347
29973445 30197151
22457273 22656429
24515961 24743565
22739438 22975281
28382533 28611435
25936471 26141353
28556111 28756349
26817143 27027369
29259494 29485937
26675774 26856270
37359368 37564805
27564080 27773785
35398781 35600168
26882081 27093653
30462092 30705883
25516850 25734704
28640450 28855565
23676314 23909876
24924055 25122086
26720344 26927160
26283411 26544524
22784060 22976373
32089658 32303620
37314578 37526795
24990713 25202190
26465923 26727557
28636398 28857445
24188662 24413853
28017512 28221173
21117372 21330477
34041254 34242481
28895425 29121833
26891725 27101149
29012089 29231596
25250111 25456372
34498327 34705023
31344763 31609983
21116619 21329077
29593394 29788708
32350759 32575204
30919056 31115647
25758925 25977029
26776567 26995726
29875179 30092915
29400338 29613083
27912164 28117345
26855350 27046209
30324383 30536662
35194248 35437825
36705762 36899819
30117180 30339147
22847552 23057886
24417187 24604275
34915651 35125026
31194826 31416001
33641732 33866649
26313716 26522664
28493233 28696124
26349914 26554086
32242880 32507440
23341188 23552677
25048489 25256819
26937305 27163805
28098528 28298103
26961551 27183514
26893994 27088091
36892067 37125022
28296914 28513025
34155438 34352577
27656986 27852820
25046303 25292804
26462860 26656748
34029207 34232648
21020764 21252967
27368229 27576653
26031732 26232006
31353285 31558449
30493608 30704341
32509166 32717685
22462882 22651193
33390694 33618636
27549750 27793207
30882922 31088828
36696246 36915493
27412821 27610657
31120808 31331865
22557151 22757003
33968010 34196306
26748089 26941031
32591544 32818034
27178144 27387422
29847572 30067949
27725834 27992551
32959225 33180233
23001720 23204521
31637874 31841234
28519945 28715160
26433473 26622382
24976938 25236004
40198849 40429825
27622901 27873780
31638189 31850717
32048507 32262661
32945289 33163665
28229100 28481069
29652682 29905210
31538017 31767026
30224420 30431339
33649991 33863640
30248466 30475755
27756575 27957148
33524932 33737555
28125044 28316847
25310214 25554121
27280132 27551614
36306134 36508700
32318773 32553839
44570828 44780104
29471301 29656560
32748050 32953754
30482242 30693793
35940406 36138013
30940118 31124143
26473335 26695617
26397419 26593116
34022938 34285315
20950970 21175405
42567553 42769974
24488994 24689118
25254138 25456654
32762726 32997820
34217114 34466221
29515133 29733050
25446557 25682942
30346748 30565604
26636104 26869161
27592321 27855196
25053860 25274251
22574238 22798892
18947163 19154943
35884937 36108199
31066313 31238725
31825207 32034335
26095976 26323556
23944709 24161589
25029701 25269241
33661882 33939134
22742504 22967980
20789933 21018816
33122639 33314913
23969158 24186596
34950819 35148440
28239213 28470345
28274239 28473367
27774223 27992980
26716951 26948007
25019597 25234968
22052670 22251058
29277294 29528610
25328282 25535172
25984061 26192274
31914269 32119034
27718454 27915950
40018578 40330201
27611271 27810273
36626849 36819427
26601748 26789683
30634278 30843309
26463324 26684352
48694288 48947410
25592571 25796151
26923564 27118809
33104680 33306513
28573545 28810412
34086875 34308776
34144018 34356090
23352456 23565162
27677568 27889008
27656786 27871846
22143098 22356421
42260147 42492283
27920298 28158948
30936551 31146038
34601820 34807646
33286729 33494688
30433878 30632940
36175066 36407348
27731850 27938650
28954222 29181222
28337130 28559111
25840091 26035489
28050021 28273153
32463077 32705025
26201389 26399844
22431164 22622858
31775203 32001064
26061381 26281222
21289491 21502602
30791458 30989517
31123239 31365533
27472810 27671614
47915725 48145060
27908488 28144662
24572650 24763697
36114534 36327355
21456204 21655652
33748429 33948369
23280445 23486780
29105504 29299756
26346560 26551470
26767505 26975705
27377744 27574906
26632320 26857319
29148038 29389341
27155581 27380409
22949500 23146774
32721464 32955462
48245964 48437543
25742747 25944665
28905160 29110236
21824794 22007980
27035084 27248986
29945374 30164064
32743864 32961262
29995710 30207544
21104385 21376715
24328495 24535436
30880757 31107993
27345779 27593269
20723712 20926601
29395754 29604109
32443970 32639328
23838606 24044253
23841004 24061625
31532401 31740992
28239958 28481822
23966278 24189409
31774919 32047705
28209495 28422445
30108266 30343410
27270746 27508829
27948270 28166810
27427536 27632753
24868676 25083567
28975434 29162721
26680640 26887082
20459263 20672099
33846362 34062266
26204798 26446387
33107326 33317256
48964092 49224112
20719927 20900762
31127808 31345369
22850663 23045878
30368649 30581435
26459193 26664986
29528303 29755929
33168324 33397595
23573459 23795896
30740955 31009687
29942525 30160777
26629128 26841467
26100237 26302749
20599950 20805343
19615689 19849653
19218809 19421236
22375635 22586658
31343642 31581842
26877296 27071267
27057668 27293507
24433193 24662076
44558388 44766475
44313933 44503265
31849668 32082891
32139901 32353833
32007953 32205549
26801295 27018628
24675114 24890992
23447208 23682437
24922342 25131781
26641646 26841390
48850966 49126368
27329647 27527798
36279127 36468570
36649449 36896435
20681614 20898147
39257002 39483361
24463817 24677847
25495748 25734578
22621318 22827496
40755472 41020785
27685999 27902982
22919021 23167981
29637553 29851015
27190344 27393597
28790187 28998291
27305663 27519609
22419643 22613502
33023404 33250308
25824238 26046658
31064492 31276891
29309828 29511019
22344607 22543661
44152937 44417660
26758475 26994651
29114551 29321861
22350324 22551773
31622807 31828197
28459693 28658150
23961016 24182293
22266092 22471006
29577153 29780495
20706212 20912623
27029671 27250471
29991434 30276102
42411894 42620029
26872851 27061100
23358070 23564773
24480918 24681801
31418629 31611140
32812603 33016779
21622615 21839639
32740054 32924981
34356630 34569532
27093490 27289530
26308113 26555508
26205295 26396509
27297070 27495503
30412077 30615486
24427531 24645975
32653445 32862175
32807212 33011626
27039111 27287178
21877744 22134822
28171457 28400014
34260179 34466452
36860685 37114268
23887640 24101594
29295629 29492623
19046227 19262167
26960452 27177679
24596591 24815686
29048715 29249308
26189713 26396806
28256391 28470068
31394520 31645029
27453247 27654774
33253884 33530958
24162165 24417122
35157291 35373507
28773185 28958785
31786123 31990625
36732514 36954446
23686957 23875784
24384800 24584658
36495175 36734498
28605969 28814771
27633881 27834817
27499544 27758814
24447151 24671830
35274664 35483794
23472181 23656070
31987249 32227306
19158717 19363793
33678166 33892130
31603805 31817893
32243621 32488645
30197077 30432167
27408895 27638459
20199053 20439684
24184968 24372038
18795863 19013973
26787282 26991964
32187483 32379568
25826974 26034367
22736483 22974856
26725602 26949253
22483509 22677012
23880121 24084468
20844770 21052295
26374368 26609667
27265835 27497945
26754227 27163826
27428470 27623707
35592754 35797867
26696060 26899459
28756482 28974348
22979762 23193939
40026146 40254026
25694969 25905708
30419291 30641012
22355249 22587165
31017031 31240331
27335780 27519000
26808017 27012059
23950874 24161640
30947277 34984941
47617392 47825633
31910189 32118615
18973539 19192779
27688195 27886534
32847653 33050346
29612556 29828095
25975507 26254710
28613464 28805423
26879510 27086175
28050899 28246736
34077150 34460167
32990115 33185871
26182569 26376752
29089476 29288591
27501448 27728900
31271249 31476126
24178494 24357696
24961293 25230719
30535968 30755987
27042268 27268641
28238973 28435337
28160530 28356844
26590159 26780936
26788460 27005249
28490783 28695382
21021973 21300270
27903161 28106710
29560097 29813623
28180241 28417456
26458970 26654489
32555392 32775757
26780217 27243450
29468985 29683776
27065422 27286222
29207437 29421089
28837460 29032434
30250613 30466466
21436453 21659716
26088040 26288258
31210280 31462439
26791322 27029434
31375029 31605343
27322142 27556033
26056834 26337986
27076836 27286280
33329353 33544421
26948891 27173149
28984266 29210084
21176732 21369008
32931219 33177521
23519578 23742138
28149791 28379935
33996265 34205824
26168213 26363071
28907357 29101431
35835079 36022279
25714624 25912511
26410898 26607433
20902465 21116117
25034242 25217061
22990789 23190582
23574039 23764245
33108817 33341643
24070714 24276376
30361659 30624749
27734454 27944297
37389442 37588459
34765372 34966780
26707784 26951806
37660684 37853615
29779531 29977906
20002237 20188517
48454153 48665360
25595439 25819750
27280571 27489177
25882306 26114434
24445103 24644357
28187943 28381455
36433431 36645317
29712600 29902899
25918296 26136331
29937070 30128959
27440893 27642391
32450516 32645411
31503828 31756555
35256940 35484526
26779532 26988399
26685523 26902004
32670626 32861877
28941123 29161373
44039149 44242927
30678959 30871295
36795630 36998449
32066102 32305965
34013541 34265112
27264103 27542262
34947920 35176759
31503449 31694408
33431135 33626641
36191021 36407965
31978706 32206585
31208390 31433490
25549545 25766664
27135050 27336040
29924310 30198464
27241024 27429401
32627720 32845984
31884954 32065292
36628020 36950587
27932325 28144581
31509092 31738606
30516797 30733124
30429170 30640175
29208816 29403021
43478231 43673485
29547905 29787774
29986830 30188649
31755352 32025901
22740658 22968474
26121154 26409782
27936301 28122713
20341269 20554713
28492872 28715094
32251838 32466827
28104018 28328604
31998985 32214180
45023444 45230472
27599667 27797471
23224442 23462078
26175273 26380961
26979564 27200199
27842560 28053659
26425093 26612215
20328322 20528196
32842166 33064986
20696872 20892457
31924364 32141540
26502197 26728445
26460103 26682176
26936848 27162272
25484768 25714568
35766655 35958674
21930276 22123287
27108761 27312330
25374720 25621899
32324938 32531670
28050849 28280106
30183328 30418383
20870593 21063582
30714542 30917400
33214922 33422730
24966285 25192381
36416276 36639603
32444790 32675975
35996766 36216222
29675105 29882605
26729441 26943753
30012599 30232427
33377655 33607554
36141918 36342221
31946315 32150251
34208145 34436182
27165200 27418911
21759579 21958401
34307182 34540637
28719091 28929995
23847249 24050947
22291279 22498440
32615561 32851783
26853907 27056598
26020610 26224897
26478550 26676186
23603849 23832302
25748753 25996640
28452118 28676763
28731297 28935333
27501388 27708506
33260515 33475164
25741691 25945859
21949847 22190000
26389692 26641124
33380389 33598792
34173275 34388677
33395455 33637205
27879991 28131195
19126119 19351118
25057136 25268514
33889151 34110564
25592315 25815544
47875759 48089403
26657657 26860714
21444646 21649522
25735629 25950545
23431708 23646881
32307181 32513906
20014780 20217528
37250586 37500685
26471364 26689713
28354521 28573103
21072132 21289783
26953706 27174551
24597663 24794499
19281126 19479006
27049687 27319145
26125503 26361074
19466670 19647086
34683220 34898394
25250459 25495318
21752906 21935862
48514096 48735797
28008792 28228582
26138522 26350678
24637446 24844814
27043001 27247043
29333203 29552787
21768250 21930525
22701703 22898819
29450930 29665004
25289940 25541015
24628657 24875576
28635522 28853331
23705607 23899723
45101905 45332462
32924165 33149685
24728598 24937957
21445855 21633709
34738348 34924872
33272516 33488771
26286832 26487470
26788035 27037424
25706627 25897806
30890557 31134703
26488708 26727500
25614083 25817588
29564767 29777734
30799723 31046391
35776115 35996279
27463896 27673009
27118607 27320231
20894372 21095925
33533380 33781878
19878849 20113403
28762011 29014222
23167451 23406718
28792080 28980136
27830079 28032192
26026668 26223024
29302797 29489424
33001534 33242416
27261897 27453724
26891470 27087198
31410900 31646570
32021718 32207616
29364849 29623830
30413328 30615988
22610013 22824824
29398952 29637570
27564682 27772893
20169932 20349329
26123258 26345355
30381462 30602239
25474281 25680149
27113640 27342835
27178394 27385682
27330402 27552680
33926921 34128985
28986038 29191029
32126733 32321655
30374048 30569216
24364368 24562532
30029405 30266358
35199790 35392115
27442303 27651532
26252926 26492247
29930217 30135999
31804824 31999724
23249710 23480187
28659529 28875614
28149094 28376722
28632235 28822244
27864409 28082609
28976785 29209300
28735568 28949796
27044235 27256195
28966728 29231399
29017207 29242382
25632905 25873717
31544251 31773406
36183809 36404543
29924663 30140586
29719003 29931199
21860953 22083223
28593748 28809465
28186967 28394079
27883297 28109349
28868733 29100069
31587717 31803062
22546362 22748672
32988198 33197602
22175834 22377245
36807800 37028658
27095801 27303614
25574209 25787075
36719972 36921811
33634722 33875900
21790700 22006314
27889560 28125313
43074852 43283425
32205809 32400974
27309661 27570539
30469753 30734609
26085426 26280328
26387622 26581709
33292830 33536770
27294390 27499077
35302728 35521234
24217064 24428721
30949152 31174952
31898323 32095633
35335962 35554509
22742494 22954744
26533156 26744130
23483427 23693498
31586934 31785829
20912314 21130218
26412611 26645593
32414356 32662756
30933130 31150923
34346695 34585813
49489035 49699405
39786239 39992592
31419212 31622771
26773917 26981545
31887220 32094673
30497300 30717885
24488799 24689308
26852127 27059968
27334149 27526190
35161252 35349690
31417798 31691426
28598532 28824537
26269693 26471803
20682191 20891992
29768675 29968749
21211103 21403892
32537992 32716724
31475413 31687550
20892608 21180430
32663807 32889604
31379647 31612283
21395035 21628056
22926787 23196983
21738352 21967668
23000945 23238609
37634765 37844946
24979019 25205641
22598455 22793104
22386844 22586806
32989230 33188044
31464069 31675914
24862622 25102286
30672202 30893491
31267690 31550182
27157360 27370481
34118992 34327738
26396321 26609027
30299579 30539846
28752678 28965863
40708685 40903303
26138198 26348626
25309724 25521524
33499171 33703769
27470218 27670029
26812884 27066754
28950312 29152510
30496063 30709959
43151981 43367430
21052021 21260713
25714053 25935431
22249141 22440230
24300832 24514734
37937580 38156436
28483891 28692142
27329972 27534566
26751712 26984820
27742845 27980811
29177255 29401536
26783560 26995823
25442439 25674181
29027176 29222046
27058283 27263787
27188326 27433496
23287057 23466430
27999476 28199082
25820197 26041303
29894341 30125629
34473426 34700291
19173602 19390611
25708030 25892287
31509956 31694431
48125090 48395508
36197005 36420344
25188479 25422127
27044778 27229802
52767599 53016720
28301164 28498545
30724633 30967634
32292828 32491321
27602784 27823026
22496524 22683784
26056119 26254642
25081926 25301944
33077644 33300345
25280747 25470313
26265309 26468437
21556055 21777777
19269923 19468099
28550609 28790622
23874685 24073533
36069452 36284674
29362722 29581621
35496549 35705824
28958610 29216412
29771145 29978119
21534862 21754916
21082078 21279656
26875947 27110141
21113352 21307113
32345525 32587064
26964701 27147913
28798652 28979760
21633475 21838583
21396083 21583333
29198831 29406751
33821059 34049323
33300029 33499506
31091301 31331373
43248853 43465986
39846844 40044698
33894880 34149328
27341643 27628305
33386421 33589654
25982129 26181399
44112529 44352100
24668321 24874131
26890345 27133094
23852567 24056810
34487238 34730438
26984004 27242899
27657033 27867468
38660736 38892792
25384093 25589154
22964642 23152320
32684334 32899372
27139922 27334095
23608868 24050798
48179265 48379371
22645451 22863555
26068683 26267797
32179283 32427052
29267805 29500012
27251084 27482366
23518108 23708459
31822226 32040238
26337405 26531889
43197670 43390083
30609400 30794647
27341340 27544773
37327783 37555321
22804874 23002730
27284774 27493003
27277617 27492314
23901853 24143884
27328701 27522901
34139865 34386023
27011467 27223089
21950552 22117002
32807365 33015645
25804829 26014663
31283596 31495946
29985968 30190775
29092429 29302105
26582017 26773981
25517401 25785823
43019795 43247748
26326922 26552300
22116226 22330208
26046327 26295864
23608894 23801769
35909073 36101452
25257500 25444083
26242741 26457392
37837520 38042476
21094238 21302920
29291712 29556056
27163048 27348831
33892889 34119093
25596799 25823730
25594129 25788588
20327557 20521255
27228295 27433157
25338406 25529182
27656461 27883441
26951991 27143404
30785332 30989962
26703909 26990094
27759878 27972749
26757810 26965423
30115233 30301659
25298146 25507741
24492006 24684864
29779066 29979319
22816278 23047023
25391096 25584525
33623390 33818249
31119946 31327394
21949023 22190870
25639595 25824310
25401100 25594600
27388543 27616871
29189777 29401118
31411139 31628256
26316966 26534352
33010684 33274635
29984134 30164991
23161255 23357299
20639483 20815968
26226620 26442719
32358569 32556827
24845237 25048046
32476880 32677349
25474241 25670282
36147703 36348553
26143506 26346307
25436385 25661564
28603356 28829397
27927751 28131548
22278531 22481822
27735724 27981930
26921176 27177587
28698570 28916195
25421454 25632545
29696355 29894214
29816069 30017004
29551651 29750959
21585228 21785203
28993481 29207679
28626109 28824746
33417551 33643145
26669473 26913741
32632603 32823584
32060400 32269866
30593154 30805719
31548201 31782830
23097104 23309580
27183237 27383257
21137458 21346365
28326599 28537457
25466897 25656825
20660651 20874470
36684847 36924653
22533436 22752686
32786897 33002888
21810459 22045339
21163820 21352908
34169886 34425650
25636717 25838580
29998513 30231109
29127305 29333623
31463456 31673887
22463557 22660230
25580280 25800411
31614973 31873382
28324423 28527888
34582027 34781003
32291057 32526674
33082455 33292658
25946569 26160879
23651436 23866330
26447423 26633822
25921574 26117274
31328301 31548394
22584538 22789304
24784983 24971366
28894525 29131370
48339121 48572286
32432762 32630660
25087461 25282235
31591454 31822700
31169824 31383463
22800500 23030612
27054025 27300659
25922426 26122343
29013895 29233114
30185006 30403842
33940708 34196867
25870359 26088706
27057868 27237891
35536611 35787273
32646713 32867680
26894082 27124542
30734577 30939422
28709210 28906132
32092866 32314634
37435860 37666988
27280737 27540778
20609427 20835929
33444105 33658208
25406995 25624307
22052337 22251491
28888239 29067858
25504595 25719550
26900999 27186096
27160466 27376003
31670201 31880412
20980405 21177934
21366169 21564631
35287109 35531776
32352561 32568877
23091887 23283268
28070840 28252327
32747588 33014829
27680252 27963561
42664097 42869053
27385253 27580573
28917355 29116778
28012033 28226786
27869577 28082167
34977292 35184664
34407998 34685155
31002763 31220460
33687609 33866205
22258598 22448561
27701826 27910324
25986219 26230770
44608813 44803767
25606788 25801366
34381081 34581500
28664085 28899363
22814049 23050224
25738410 26003998
32022582 32265200
29991794 30189924
32366089 32592349
32381117 32637626
48135827 48340433
24389224 24584341
31743262 31947837
21175115 21370512
29621504 29835128
23985018 24221494
37382360 37578497
24103325 24361791
28040862 28249405
20967285 21170365
27442714 27633920
30604729 30824318
35866614 36081564
21513377 21708861
32450806 32668439
33352487 33582946
31111870 31315851
36019344 36210582
25123788 25412967
22317368 22505704
24927492 25140269
21009238 21256108
28101719 28277696
43240762 43443203
31366535 31587086
31297916 31543465
22857539 23072679
33428224 33616792
26981733 27185041
24372840 24602427
40153321 40364444
28122748 28307443
31250555 31464142
25955758 26159245
26115869 26318015
26993527 27199442
29639267 29835102
31327119 31525146
37191690 37415104
34300570 34497601
28581663 28804958
28079130 28279989
35546872 35834142
26949438 27172500
28004558 28217108
23913881 24105601
29758936 30266955
32284425 32509905
26302691 26503127
21246626 21424095
28814464 29016742
31665301 31908089
34094080 34283862
27689545 27902029
23175874 23393859
20790721 21013319
24543975 24777784
44347996 44560487
34752315 34974854
20718925 20924676
39188327 39429181
21607919 21813017
34579631 34880124
29971186 30171891
34241885 34462634
27076713 27274190
26922376 27142072
25111379 25304875
22662165 22876081
28691381 28905937
32115067 32366258
33011344 33282798
24731935 25044963
35062536 35298029
21159682 21402123
22999949 23176733
23838289 24034702
23200381 23435511
30107077 30347732
27081891 27281393
20817052 21040874
26337505 26642130
45600392 45805079
25405590 25629524
28350629 28588729
31583049 31831979
26472151 26668190
26331337 26524591
27685652 27890923
26733775 26969328
33511734 33736587
25528182 25720652
21436825 21642993
25962074 26152385
30018069 30268652
24790165 24991640
24574612 24806595
28554340 28745412
30575055 30816834
19818431 20059508
34354508 34546786
26083161 26299535
31126785 31315248
44349132 44568791
26267867 26464308
26113657 26346661
33942174 34162427
36935297 37164658
23533515 23743331
22583637 22802650
21498744 21706435
24125195 24344279
37696772 37924142
28188615 28373949
27349883 27573656
34688147 34900301
32866689 33092224
24029509 24212521
29123045 29314432
25055810 25236085
32661290 32858618
32457023 32644523
21853126 22049760
30997068 31206012
41944448 42172533
26031429 26228562
30976706 31158726
32167705 32421391
44079520 44261209
23041551 23248319
19897560 20100865
28228896 28446714
44856254 45050934
35162336 35361075
23912612 24097666
22738395 22974734
32872992 33144727
32667975 32876168
27627830 27874373
25886948 26104356
23871580 24030046
27621964 27834338
34771525 35001410
22912426 23094127
20923350 21151776
39053623 39253155
27096330 27290979
32296588 32507199
25393254 25575462
30471982 30704978
32285373 32497183
32678589 32887970
28738645 28968992
22585690 22795237
21324358 21566897
20931571 21158982
25273292 25493958
40583349 40792659
28455621 28650924
26434140 26623866
26364680 26611345
39975370 40175215
28427962 28652249
27582376 27811778
33955525 34177966
28720404 28974443
25251292 25454757
30806831 31021464
31312940 31524160
39808309 40002762
28111511 28368058
29601144 29854521
25823837 26031843
42849578 43044662
27898383 28097166
21044845 21264914
34308272 34522539
27006798 27235307
21196873 21407940
27336333 27611806
28677700 28878787
31536392 31753755
27175633 27385590
24563649 24767135
30426334 30721151
31188610 31412227
29618446 29810165
32096083 32288365
20674605 20895894
21294817 21512001
26955433 27191656
29182536 29410412
36144391 36352460
34974947 35178486
35618483 35887631
27695596 27896303
25012713 25221231
31243851 31443376
24721979 24946897
33263791 33498258
30508018 30720078
27565407 27811296
23547909 23768241
28904227 29113614
30584360 30791851
26875168 27130569
22863641 23080946
32200091 32412603
36263366 36471935
30043007 30260853
35861096 36076934
22644107 22869134
29382665 29598851
31597088 31796938
25922143 26122692
20957076 21175180
26335998 26561351
48342612 48557250
27417572 27615666
26716047 26916682
27227383 27426681
48108666 48337233
26983452 27182960
31293203 31536327
25944054 26164587
24949195 25163460
32127724 32344891
33232375 33458451
33468981 33759646
31119260 31314890
33170292 33383283
29383449 29605709
27446806 27645152
29654550 29831423
33637960 33856987
28989016 29232573
34464923 34678476
22882059 23081929
31436118 31695022
29787861 30036901
32154275 32351560
30155210 30378971
23230092 23418248
35465702 35671367
32479291 32695017
26994731 27194396
24178332 24381699
27633462 27833243
27433203 27738693
30783245 30985702
30535862 30713416
20982133 21179039
26946422 27137163
27507564 27707666
31765430 31978222
27344129 27566935
30900414 31117443
20887679 21068109
29297936 29489278
33856501 34070506
32844169 33119375
40304985 40556746
30325362 30554576
23360395 23560299
27898521 28083452
32767178 32962608
27119436 27377115
41647801 41853071
30620453 30818896
25386545 25580685
25624395 25861833
22127348 22361886
25401683 25588050
26265700 26487443
30637524 30825281
42988811 43213897
25336166 25550758
24791228 24987420
27894923 28107941
25518629 25725028
32064889 32266818
24248921 24488034
31831141 32078866
24387269 24603958
27314828 27531900
27573576 27779856
31627987 31844063
33893822 34106260
20891077 21105986
26221484 26420318
29388580 29605948
23922700 24135132
22628165 22832700
36824883 37048601
30140966 30413005
26110660 26334030
26609096 26825987
30467000 30673954
32746456 32973639
33836131 34030427
31625063 31831327
27009248 27226355
35567790 35785537
22415261 22625016
28004681 28224469
25352324 25589346
29973282 30191753
32778351 33005378
32681446 32935397
32415022 32620556
23561329 23762042
28404389 28629059
22703362 22891899
24689940 24900883
26200111 26401445
22849753 23086259
32576793 32823069
29617665 29840983
23346434 23558519
26788608 26991532
41410132 41625231
28045026 28251736
32793321 33005196
32169199 32365417
37816231 38013974
25762311 25968460
26256852 26460866
30823404 31131887
19698040 19910454
26270349 26508602
29230420 29443785
31740918 31925079
24912168 25104347
25363789 25560783
24136628 24350608
34287278 34538555
21461553 21659818
23076272 23281549
30086574 30340114
27796709 27995555
28581591 28767529
26912038 27112407
32127077 32349676
37779397 38005533
20716769 20904774
35936418 36130367
22861298 23055975
26680418 26888039
28527875 28732810
20938456 21214612
29312306 29548591
23674643 23877676
23664873 23870926
25685413 25895472
21631377 21823331
26074480 26294762
25371312 25577841
24186699 24393374
32451754 32681162
32164605 32367946
27799347 28047283
33904411 34117096
34870456 35082474
36930761 37171112
30511912 30720735
26425457 26699714
25215059 25417568
23818206 24014270
27758785 27965809
25503675 25689020
29438647 29634881
26996800 27237179
23452109 23647002
34062289 34271263
31257360 31461062
25484655 25699191
32803924 33005671
26405460 26606488
21691536 21897300
26309413 26512820
43751835 44005919
25989014 26187315
27100600 27332317
25612153 25808935
29371093 29567367
27174207 27387945
31907868 32134595
35714725 35934978
24637024 24852329
25438107 25649431
19911246 20131213
24351418 24620182
22636487 22856751
26714222 26955386
23819085 24026062
26538442 26772218
37658073 37886387
30455280 30688579
22687488 22901028
26579027 26767095
31406111 31612934
19080880 19268004
29209514 29406948
31253957 31459481
21016584 21330483
25371381 25607400
25521249 25760720
26815393 27029489
29105185 29338299
27177223 27378200
29538677 29773724
23759724 23972288
34921547 35127148
24349735 24542305
30282265 30537642
31906677 32121465
23693945 23948441
25388467 25586843
31328201 31535218
28454014 28665117
28683921 28892670
27110816 27317336
33754191 33931016
25320667 25506841
32438823 32668678
21395014 21593315
32715589 32917697
29114955 29351425
27348174 27589602
33126870 33313239
28007382 28277041
28122492 28362218
19737964 19930377
32031428 32282467
20719007 20918396
37621497 37830724
32223811 32416733
37494977 37715831
33977513 34232757
27796818 28005236
35340779 35565082
32044858 32275843
39562507 39750858
31600150 31817661
21102215 21359375
22414189 22620288
26048753 26284133
34009200 34241333
20822940 21028075
34357528 34577911
26184885 26406191
26761867 26962884
26745613 26941302
30820768 31074923
29113665 29349909
41836206 42049291
26292560 26488336
25833834 26051279
28928157 29149964
28701443 28931257
28382668 28607973
26006901 26193709
31532121 31772630
26634977 26830193
24705731 24964601
33772675 33992398
26939239 27126860
33083247 33333924
31590250 31783021
35612673 35796851
26887475 27113850
29075540 29333651
27563979 27788256
26393702 26589426
42529506 42771348
27065503 27286452
28007059 28208325
28956525 29175555
34081701 34337396
26210840 26431307
24462755 24736954
27490810 27722754
24182496 24407768
32639815 32842377
31723840 31920442
29643725 29845410
27098217 27296013
28893150 29094559
32383711 32615988
23786653 23953866
20831434 21026837
32877246 33091481
30565505 30775312
27067512 27261567
28181879 28447192
31841560 32047121
24526136 24750348
24229465 24455815
24753985 24971111
32662299 32885121
32265461 32491001
30481859 30695192
32190340 32387138
34653327 34869086
29830268 30025505
35471250 35698994
20784012 20976854
26847643 27067806
33618710 33875453
36721121 36931320
30375637 30627218
33983963 34176867
31804693 32063166
20821575 21016619
31717236 31922897
27560160 27779482
30526310 30752895
30007645 30238432
33913713 34111240
26948987 27143667
23700300 23908319
31458479 31662197
28318552 28543937
22711855 22924206
24314666 24516969
22547558 22748014
33255082 33463297
33201652 33446934
27087970 27343857
28233137 28420012
29367450 29553695
35956629 36223317
31638524 31828897
33656794 33880536
26406256 26623941
27104107 27337979
32033728 32279897
27181244 27450707
28870304 29058682
27916547 28164356
18859738 19063003
20754226 20945404
31945398 32151148
32800679 32994264
28814317 29035676
24244054 24445660
20702784 20933488
26256636 26464807
28843975 29054473
24714627 24921223
23610139 23825172
38179253 38430154
22749061 22963816
34708727 34926271
30083959 30287883
27670466 27889686
27056870 27274534
30955033 31155222
27826846 28047519
31093983 31304740
30194941 30412520
33167879 33416870
26738882 26995459
31430857 31637722
26226246 26440903
25982406 26192815
24849992 25049758
26774928 26969684
30184544 30420611
32367951 32564729
30811667 31016242
32027319 32232309
28612693 28853360
27270486 27503639
20983286 21184331
26888048 27127891
28168831 28348363
35179988 35419344
26158030 26376825
25805519 26008812
28714978 28947718
32661232 32881274
27952293 28160105
35314627 35555439
34804370 35046981
28855747 29081619
35163725 35442242
33835419 34072331
34047706 34268382
26894966 27091255
25174594 25406144
29133722 29357564
30396392 30611674
24780313 24972075
30450041 30640102
26251349 26506307
27144034 27348457
26092770 26321355
32493606 32681870
28198295 28392731
22730671 22943386
28964374 29174234
25828734 26034012
23445560 23667988
31760625 31997424
29023070 29229771
24121877 24362453
32949062 33161266
27064037 27281970
21219960 21424419
22141393 22346859
26220992 26430909
29022922 29252045
36476708 36687830
33147864 33387653
23009200 23205962
28669221 28865900
33191880 33453820
35598224 35819947
22870465 23071845
31737798 31951861
27084380 27365682
24204887 24390124
26111312 26333358
35876126 36086635
35458848 35673707
33764029 33960366
26303825 26518680
19956463 20175718
28155078 28349421
32192416 32411655
26896974 27087975
21323295 21529106
28200290 28408607
25944683 26177500
32689230 32907457
40785226 41004680
28804640 29027697
33103847 33318780
26664099 26935807
24467981 24692527
19307907 19476198
30327273 30555111
25417026 25641390
23019202 23219942
35562399 35794169
34709455 34907029
20460936 20692281
30639608 30925310
31395796 31587560
18881753 19095768
28950898 29181993
30008646 30199414
22818662 23025109
29706666 29963767
27868931 28085503
25131265 25320681
24374334 24567047
40566403 40785913
29171227 29394092
20776319 20971182
28992594 29226748
25446156 25702328
23710697 23906102
25711887 25922962
19858747 20096791
23795839 23989439
26451785 26664228
28307621 28509528
28273071 28496060
24062730 24267239
30306368 30621715
21244772 21443163
25572855 25828063
27750603 27936978
31078854 31290587
27463838 27682893
28827157 29042686
36335039 36586680
32098003 32301340
24461013 24676693
30713636 30973572
