29557735 29890743
25849098 26050461
32569481 32791602
30142801 30359264
27990268 28186790
26616940 26814311
32326813 32541450
27116958 27327655
26315167 26532869
30235188 30443766
26836699 27044209
31408505 31669214
22569701 22777356
29510114 29710337
26221506 26431581
21588348 21795441
29355703 29590174
35013655 35197339
26114323 26319463
21049110 21266623
26931874 27150648
31328751 31547262
23305666 23534618
26734802 26945578
26003039 26213118
44503046 44711752
31773114 31989854
24661637 24851800
34063578 34292677
21512839 21718302
29457376 29660190
24238523 24460692
23545539 23739053
31914285 32159584
24572332 24759799
21014340 21222103
35007508 35222591
30539890 30775499
30937626 31185230
24702987 24906568
28817383 29063083
31003430 31197447
32512951 32700658
25940170 26135916
47880397 48098956
25401748 25653532
26807627 27014494
30220083 30432905
27360570 27618388
35818849 36035508
32599878 32801975
43119539 43322803
27323287 27541815
32538509 32756093
23499397 23684438
29890213 30113777
31551213 31855637
27004494 27209120
30606011 30819437
28084256 28309746
29682264 29890022
30153957 30347702
33673027 33866160
45479816 45701982
27552790 27748353
34025600 34224156
32188103 32411332
22244178 22447636
28644285 28861034
26371542 26576491
33237221 33443111
33121671 33327854
33485999 33737831
30382130 30584877
31512018 31729907
20659986 20859908
25593939 25833412
19777374 19976072
26342948 26617722
25442063 25626182
30800415 31000159
27091354 27310814
26072773 26260302
28562396 28741582
43780816 43968284
21046203 21240813
36232441 36437397
25516767 25704800
28754350 28976493
28976418 29236932
31397073 31632897
30127413 30347615
28740944 28952551
33968238 34165923
26034243 26213944
40931670 41175479
28630207 28845276
19494768 19672880
21693974 21887642
26254482 26452573
32213492 32459311
31924188 32149992
32412097 32600434
33247037 33452263
28772602 28977103
26056417 26276990
25583842 25788114
25084067 25303807
24526536 24755665
32034668 32263735
23611452 23871273
31893984 32125536
26966153 27167794
30408847 30610815
27152071 27377615
44781066 44989933
27175116 27377596
27574422 27765352
22691673 22899723
31544199 31750837
29659418 29904332
26838886 27057403
24480199 24712535
23524130 23721129
24145538 24341701
49667586 49875581
32305264 32510747
22772865 22977814
26613975 26820572
26879452 27064264
33625370 33854513
22806817 23097799
22197579 22421962
48313990 48518516
27921007 28162859
28367101 28581372
28414984 28641832
31341213 31542661
32021517 32225340
33658968 33860239
25007213 25216731
33682347 33874891
25606100 25814351
25569322 25782697
49070481 49287636
32464266 32687783
32636151 32828862
25995137 26210261
29485371 29699383
22348376 22554856
26183809 26421411
32944420 33201124
42816924 43049601
32173962 32380344
31222791 31484854
27893333 28090959
24763838 25024440
29161954 29373211
32137150 32351679
29149670 29388598
37138014 37344199
32504043 32708219
26425432 26644027
32394674 32596797
32081622 32301187
27927650 28129682
26761774 26978053
35035002 35253195
32534051 32776247
23663118 23849895
26349805 26549713
26077637 26271533
26279718 26503324
26510366 26735571
24664636 24907205
32124388 32350670
23197650 23395940
22188348 22402562
21105055 21294318
27467338 27724948
35501405 35692578
24716836 24908604
34197700 34438786
26494572 26706914
21354655 21557737
21687847 21917798
27657297 27859362
23664108 23874872
23119039 23374496
27364830 27595054
22984626 23189573
29071818 29333368
33167148 33434134
29118788 29340729
28020469 28213632
24516683 24721521
36213989 36422685
32209997 32467581
32312972 32552577
29435983 29664186
29163612 29366474
30547189 30745692
38989436 39231950
34980819 35166349
34890257 35057612
23797236 24009076
23764014 24027926
30346628 30519858
21700908 21895462
25363240 25548604
30679694 30868338
21903938 22117718
25325410 25519103
33686635 33935839
33099807 33320019
27974058 28193377
26013066 26246809
24961755 25162095
31936820 32127305
21774614 21982151
25212048 25416038
24233135 24453737
30988482 31175284
25996114 26173173
29653843 29880558
22323906 22532737
42106980 42352103
21605129 21815141
26050509 26250106
32015406 32224621
32598972 32807701
27047262 27266122
31997231 32197110
31206398 31466474
34944559 35182908
21484240 21739236
26696294 26918402
30686391 30885455
27666271 27856359
32270872 32476830
19886582 20084315
30780761 31004463
25315672 25496222
29706850 29899969
26756291 27012449
30419945 30645876
25028333 25267458
32170013 32394972
21050499 21253623
34160873 34382443
25854724 26067836
24159278 24375812
28929352 29140374
25225198 25467102
26461387 26658399
32550326 32767101
27212184 27429364
27017235 27279013
33796138 33979393
24902136 25104277
25100402 25316395
31826636 32040402
27039021 27252142
25311985 25499757
28813353 29070081
26812936 27014592
36780642 36999294
32003503 32190327
24300600 24550412
31198152 31401565
29068624 29273631
26835152 27044730
31865193 32087575
24138451 24330730
22523933 22741127
32372703 32607623
29834005 30043427
31301356 31525940
26053925 26254930
25092532 25337739
29513198 29716936
32210992 32421914
26371950 26599543
27043540 27251641
33214067 33433046
23451496 23660119
31747512 31962313
20892999 21116853
26029408 26233555
25487413 25684364
21271677 21544288
22467054 22662467
30800022 31018693
26755757 26970996
20801441 21015426
27382627 27584399
33641505 33830486
28305016 28525167
27100798 27309863
30631413 30842328
26255048 26496050
32723981 32977294
24382770 24590308
29270179 29459731
27299534 27490022
21102614 21322651
34713724 34946959
34556310 34767325
22746393 22948889
33657743 33870735
31992320 32224810
25093594 25301937
25683910 25919834
23360748 23554894
32930672 33190404
28380363 28583251
26518678 26708923
28929323 29139823
33697205 33903939
32583552 32806736
22786692 23009752
21624088 21876800
23605049 23825403
33135233 33362000
22955268 23143677
32987830 33219652
32681579 32903477
36663092 36864315
31958667 32162396
28052177 28265582
31938165 32146497
34649630 34877655
35322342 35510854
27429417 27680274
26098381 26333416
31763927 31997102
35761447 35988636
27889831 28125642
23864531 24086314
30669399 30885354
22566613 22766035
22745628 22996358
25413799 25616701
33805229 34021877
21671635 21904165
27908886 28174552
29758965 29984445
29194566 29398630
25397365 25631610
44705802 44908545
25330168 25539359
26997404 27232926
22505227 22701922
33448787 33651251
47572216 47777619
48458053 48701958
29421203 29655234
32116585 32330167
22356620 22544416
30068606 30278617
26314776 26503220
35098199 35298074
25574531 25802623
20225418 20422678
26941188 27166489
26310765 26541684
33486190 33721481
28830040 29083210
26626747 26874549
37354882 37569799
30008289 30199862
25573566 29671253
32293549 32536502
28864717 29110629
25383159 25615432
27091387 27297846
27200654 27411643
30365680 30576915
20817760 21077709
31476404 31735599
31678044 31877735
22900802 23109589
33428079 33627135
34616986 34838722
23408623 23610144
26469954 26708630
28601442 28790876
20410616 20622018
27078161 27283269
20702152 20943132
28551260 28773397
32488028 32672955
32199888 32413283
25929703 26158605
22400934 22602895
24026379 24286158
22507677 22718997
27071215 27267805
20880735 21104434
21196099 21409849
21720814 21958456
27047786 27250205
37219178 37458738
32261065 32474855
37324446 37549618
29283416 29509879
28647847 28846855
26802187 27010494
31998672 32197034
18765626 18949102
29443434 29642214
30713623 30982137
26621268 26824443
30791591 31000923
27898494 28115885
29694616 29905225
31828343 32038645
27528197 27722176
29359747 29556558
37115331 37313054
29493379 29683587
38411215 38625980
34794200 35030656
29117136 29320771
23248501 23464844
34168641 34413542
28050272 28264605
26005857 26212881
27049780 27230215
24269381 24502306
25310421 25520521
26711407 26924323
28787432 28989137
26556562 26813485
40322468 40568138
24702376 24888893
21045660 21271167
33297380 33485335
32174370 32387196
27404160 27631479
23630492 23809169
27324847 27553686
24634076 24851238
24014675 24202870
22590786 22839639
27346810 27552958
22848701 23064506
19728127 19945784
18951488 19168236
29721370 29939445
30279192 30489009
29814671 30034205
26762247 26966702
31273380 31489999
27811834 28024504
22545560 22775885
27910154 28131850
29883138 30114593
33365641 33585036
27464969 27695197
32587902 32769273
23928079 24149300
26709417 26968830
30352616 30549698
25330444 25544344
30362805 30554942
28481135 28736098
37140645 37336021
35136576 35339970
27496739 27717693
28138625 28369142
30425124 30642146
21101481 21328240
31863013 32070078
31055411 31261993
19882678 20067699
28336483 28549863
25504977 25743135
29589409 29799010
32306033 32536797
22452945 22665351
27915163 28116533
24336576 24527961
23683259 23886093
24319453 24493784
41140392 41347938
30068567 30259339
28656617 28843866
28559628 28811159
40697648 40917112
35076836 35279113
32386364 32609602
29946671 30200774
31038470 31242709
27893007 28102896
38574544 38793627
25227004 25428229
49082617 49311403
26693983 26873042
33551985 33795623
20560102 20766955
27314677 27527575
32973402 33174509
29221443 29440800
29792329 29993665
28025004 28257599
24534956 24765841
32785957 33042600
24138392 24332341
28416592 28643172
36038379 36335423
26326102 26524371
48059159 48347868
33772928 33982861
29018234 29222556
30008955 30248907
26640928 26880811
32236047 32455839
29824741 30052943
26531300 26761822
22200457 22399088
26367914 26600765
28550778 28777037
20777002 20983877
24945737 25183886
31715794 31908271
25986760 26185736
31001396 31206714
26902786 27141107
27252381 27456977
23780688 23957979
31803647 32038485
23132193 23362144
28490997 28718819
22730830 22943443
20910254 21119948
24998018 25206474
32331674 32537236
33495306 33698280
35543255 35756948
28789505 28999680
20839397 21040290
27026803 27228738
35090787 35328444
27205687 27454510
29889606 30091915
28803026 29007261
33591785 33789289
28838889 29055722
28669648 28888909
25786863 26005276
48050582 48268077
26988090 27203820
20582051 20778611
22388385 22616508
21403779 21618756
29203326 29411914
31099895 31326528
33216816 33417940
25803640 26006290
25532059 25739568
24074427 24278768
29958390 30165268
34763846 34994998
25976266 26225932
18885947 19086661
30888464 31124223
33392294 33602314
36283561 36495415
28047746 28270912
18716998 18926582
20727063 20963823
27394981 27600697
27442696 27644012
20842656 21044005
28497535 28719578
21644893 21858910
22778324 22982878
29032615 29282171
30144614 30358977
25215893 25426047
34685502 34912997
27015870 27220529
32645968 32872733
29329689 29530694
31927839 32144504
28877026 29071606
26100395 26328198
26783476 27005025
29027038 29267715
32830180 33052191
34997411 35188603
32666887 32893797
32116968 32334827
23730506 23960589
28373639 28569787
27892139 28102071
33808903 33998292
27580535 27785416
22845781 23040324
27418010 27641441
43270650 43527070
19817076 20031453
22515581 22718125
33382979 33584706
24490806 24715639
22275047 22479512
25071966 25288036
34752213 34971557
24272459 24480872
26435030 26665714
33619960 33872790
27632430 27853333
25865016 26082774
27503707 27715049
24289608 24492195
32316091 32542422
34052244 34256452
27689328 27889091
31795655 32002177
25885371 26086002
29831306 30030813
29690958 29929136
26926287 27133739
31774026 31981911
26877384 27067496
26066503 26284473
26541404 26775356
36524441 36730069
35880140 36101690
33068650 33278682
37736615 37993113
37597247 37829514
25256423 25518127
24940422 25137917
32238687 32411994
26798216 26989615
24461181 24664010
26030703 26261767
18993113 19243041
24113944 24316157
19750341 19944718
29882444 30078182
26680808 26896356
35069796 35276577
31903840 32133931
33042399 33243896
32984139 33183620
35074808 35317644
26984060 27238790
28788688 28984936
30490900 30697214
32466592 32672529
25629974 25862061
27119952 27345414
26646169 26854176
29111290 29361030
32969827 33199407
26405949 26606618
25151745 25360636
33796661 34017873
26864768 27081180
19819456 20048492
26810869 27017595
33048592 33262665
21938555 22140571
28680919 28896409
34864378 35115124
33069554 33283552
42212991 42416300
28967743 29169467
32514183 32714476
35924130 36135325
27815811 28023981
31586802 31803888
23935353 24156470
24275975 24492001
31790138 32000046
29427667 29666109
26959333 27165752
26823580 27027721
26589459 26799733
37531599 37755467
25498440 25730063
36562911 36754997
28044915 28244638
25546511 25755469
28067238 28271525
25486480 25678647
33510226 33734547
28664503 28887085
31368091 31596110
19379016 19580793
43999076 44203435
43754948 43967835
19886497 20093894
33164061 33368665
21103798 21300255
31046128 31239817
25683732 25881461
29104124 29307603
28381507 28549638
26089180 26290922
26890175 27090191
27327106 27533303
36506921 36756366
34675168 34921483
44907173 45108951
29621791 29830271
23008568 23223324
27486771 27722572
28677906 28919876
33682106 33890803
26837318 27049113
25187330 25386866
30551648 30773203
36781270 36977032
32414807 32621976
24755448 24964670
25408896 25605995
27503066 27738141
31215998 31443103
34799602 34993979
24027402 24276452
24747620 24959462
26543237 26760798
27207983 27427264
28297242 28504360
22908203 23094483
32791765 32994522
27871821 28057677
21091460 21283846
36138828 36396112
27236562 27415748
27224788 27434202
29323062 29531581
28151928 28400923
26808037 27013734
32743060 32947429
32215170 32445859
21805912 22012778
31564483 31782084
30381634 30642205
25610204 25846626
27774555 27986408
22920690 23124229
22949154 23147798
22247086 22450423
22297083 22504891
32659456 32823615
27395624 27596955
25736874 25949896
28870689 29074167
30085940 30296391
25391781 25633684
33748798 33958666
32031941 32242692
32091427 32298816
30703510 30922313
27863079 28081629
24472405 24660546
29512641 29710915
24402175 24605444
20873389 21082549
34063090 34288958
23372841 23607993
23357440 23595422
32753964 32951328
26865002 27041128
34046575 34319483
37274873 37481604
25406150 25655913
31125943 31328357
26051810 26266469
23431574 23647703
24586993 24816782
31799558 32095406
29523819 29760564
40566349 40770722
25225700 25423352
25229352 25439033
32371457 32569772
29036705 29238141
22509757 22723498
26777138 26966601
22274794 22453930
34643775 34865033
32546332 32791839
26697110 26894039
26828080 27026961
30349462 30607807
35661380 35903573
26509198 26700104
32838566 33067814
31294705 31500605
28802568 29051906
27308478 27528029
33002836 33229975
24608533 24841006
26605401 26808648
39024677 39244844
25933323 26147737
32820313 33033981
31651229 31866339
20584792 20792619
26098851 26298738
28329825 28504196
25159570 25384613
25062915 25273956
23856106 24051171
28667676 28872129
27417067 27667629
23280304 23507657
33755928 33961002
28081208 28311187
33164571 33389677
30912347 31139225
26983051 27188486
26357187 26595103
27907059 28105886
26404726 26640505
37400857 37621210
22134089 22347644
21888761 22074757
30524051 30753197
23074557 23274051
24946346 25157161
25319074 25556583
20645882 20864476
31636165 31858531
26731241 26939706
30511023 30716563
20592411 20876868
25933694 26141891
31379349 31569946
35546624 35752373
26049002 26239294
31282829 31482946
29601171 29812478
35690503 35904602
26441881 26631004
19016097 19213090
21454619 21647698
28433429 28668799
23552602 23748601
23763109 23996820
27004946 27211965
24106325 24327736
22946837 23152288
32295527 32480853
27369793 27573851
28663299 28867944
23001244 23218605
27490367 27691064
23941546 24188649
29581388 29796181
25269835 25489839
29663176 29856711
31725442 32135161
32883306 33079723
30996511 31205302
22587711 22790879
31544254 31743621
31060863 31279430
31569396 31775349
24506577 24739380
27342204 27552595
32124981 32340792
34362788 34607139
25032669 25228593
34377780 34588775
33660302 33873856
32708395 32930303
22017033 22223324
32159870 32362692
27215882 27429220
30374682 30628144
30792579 31009309
26617092 26828318
28277940 28473050
27961009 28188757
28961329 29169658
33327119 33538371
32142496 32363644
24717820 24921578
32987894 33209938
25837923 26068094
27656039 27898541
27223283 27481959
26298029 26547983
19498377 19711842
37128811 37363092
32776389 32971525
25047819 25256660
48727608 48933042
28550087 28780746
24877134 25084497
27396927 27581135
28336448 28575373
31560235 31779081
32040433 32246191
25137872 25359126
32247776 32480286
26953220 27189987
26997815 27204421
29348194 29585125
34506809 34700504
27282654 27479537
28435210 28662980
25293048 25541973
37553011 37824785
28968736 29172707
26195953 26393350
26145291 26372028
32145496 32342784
22560002 22751800
30456422 30667383
26590539 26813347
29973445 30197151
22457273 22656429
24515961 24743565
22739438 22975281
28382533 28611435
25936471 26141353
28556111 28756349
26817143 27027369
29259494 29485937
26675774 26856270
37359368 37564805
27564080 27773785
35398781 35600168
26882081 27093653
30462092 30705883
25516850 25734704
28640450 28855565
23676314 23909876
24924055 25122086
26720344 26927160
26283411 26544524
22784060 22976373
32089658 32303620
37314578 37526795
24990713 25202190
26465923 26727557
28636398 28857445
24188662 24413853
28017512 28221173
21117372 21330477
34041254 34242481
28895425 29121833
26891725 27101149
29012089 29231596
25250111 25456372
34498327 34705023
31344763 31609983
21116619 21329077
29593394 29788708
32350759 32575204
30919056 31115647
25758925 25977029
26776567 26995726
29875179 30092915
29400338 29613083
27912164 28117345
26855350 27046209
30324383 30536662
35194248 35437825
36705762 36899819
30117180 30339147
22847552 23057886
24417187 24604275
34915651 35125026
31194826 31416001
33641732 33866649
26313716 26522664
28493233 28696124
26349914 26554086
32242880 32507440
23341188 23552677
25048489 25256819
26937305 27163805
28098528 28298103
26961551 27183514
26893994 27088091
36892067 37125022
28296914 28513025
34155438 34352577
27656986 27852820
25046303 25292804
26462860 26656748
34029207 34232648
21020764 21252967
27368229 27576653
26031732 26232006
31353285 31558449
30493608 30704341
32509166 32717685
22462882 22651193
33390694 33618636
27549750 27793207
30882922 31088828
36696246 36915493
27412821 27610657
31120808 31331865
22557151 22757003
33968010 34196306
26748089 26941031
32591544 32818034
27178144 27387422
29847572 30067949
27725834 27992551
32959225 33180233
23001720 23204521
31637874 31841234
28519945 28715160
26433473 26622382
24976938 25236004
40198849 40429825
27622901 27873780
31638189 31850717
32048507 32262661
32945289 33163665
28229100 28481069
29652682 29905210
31538017 31767026
30224420 30431339
33649991 33863640
30248466 30475755
27756575 27957148
33524932 33737555
28125044 28316847
25310214 25554121
27280132 27551614
36306134 36508700
32318773 32553839
44570828 44780104
29471301 29656560
32748050 32953754
30482242 30693793
35940406 36138013
30940118 31124143
26473335 26695617
26397419 26593116
34022938 34285315
20950970 21175405
42567553 42769974
24488994 24689118
25254138 25456654
32762726 32997820
34217114 34466221
29515133 29733050
25446557 25682942
30346748 30565604
26636104 26869161
27592321 27855196
25053860 25274251
22574238 22798892
18947163 19154943
35884937 36108199
31066313 31238725
31825207 32034335
26095976 26323556
23944709 24161589
25029701 25269241
33661882 33939134
22742504 22967980
20789933 21018816
33122639 33314913
23969158 24186596
34950819 35148440
28239213 28470345
28274239 28473367
27774223 27992980
26716951 26948007
25019597 25234968
22052670 22251058
29277294 29528610
25328282 25535172
25984061 26192274
31914269 32119034
27718454 27915950
40018578 40330201
27611271 27810273
36626849 36819427
26601748 26789683
30634278 30843309
26463324 26684352
48694288 48947410
25592571 25796151
26923564 27118809
33104680 33306513
28573545 28810412
34086875 34308776
34144018 34356090
23352456 23565162
27677568 27889008
27656786 27871846
22143098 22356421
42260147 42492283
27920298 28158948
30936551 31146038
34601820 34807646
33286729 33494688
30433878 30632940
36175066 36407348
27731850 27938650
28954222 29181222
28337130 28559111
25840091 26035489
28050021 28273153
32463077 32705025
26201389 26399844
22431164 22622858
31775203 32001064
26061381 26281222
21289491 21502602
30791458 30989517
31123239 31365533
27472810 27671614
47915725 48145060
27908488 28144662
24572650 24763697
36114534 36327355
21456204 21655652
33748429 33948369
23280445 23486780
29105504 29299756
26346560 26551470
26767505 26975705
27377744 27574906
26632320 26857319
29148038 29389341
27155581 27380409
22949500 23146774
32721464 32955462
48245964 48437543
25742747 25944665
28905160 29110236
21824794 22007980
27035084 27248986
29945374 30164064
32743864 32961262
29995710 30207544
21104385 21376715
24328495 24535436
30880757 31107993
27345779 27593269
20723712 20926601
29395754 29604109
32443970 32639328
23838606 24044253
23841004 24061625
31532401 31740992
28239958 28481822
23966278 24189409
31774919 32047705
28209495 28422445
30108266 30343410
27270746 27508829
27948270 28166810
27427536 27632753
24868676 25083567
28975434 29162721
26680640 26887082
20459263 20672099
33846362 34062266
26204798 26446387
33107326 33317256
48964092 49224112
20719927 20900762
31127808 31345369
22850663 23045878
30368649 30581435
26459193 26664986
29528303 29755929
33168324 33397595
23573459 23795896
30740955 31009687
29942525 30160777
26629128 26841467
26100237 26302749
20599950 20805343
19615689 19849653
19218809 19421236
22375635 22586658
31343642 31581842
26877296 27071267
27057668 27293507
24433193 24662076
44558388 44766475
44313933 44503265
31849668 32082891
32139901 32353833
32007953 32205549
26801295 27018628
24675114 24890992
23447208 23682437
24922342 25131781
26641646 26841390
48850966 49126368
27329647 27527798
36279127 36468570
36649449 36896435
20681614 20898147
39257002 39483361
24463817 24677847
25495748 25734578
22621318 22827496
40755472 41020785
27685999 27902982
22919021 23167981
29637553 29851015
27190344 27393597
28790187 28998291
27305663 27519609
22419643 22613502
33023404 33250308
25824238 26046658
31064492 31276891
29309828 29511019
22344607 22543661
44152937 44417660
26758475 26994651
29114551 29321861
22350324 22551773
31622807 31828197
28459693 28658150
23961016 24182293
22266092 22471006
29577153 29780495
20706212 20912623
27029671 27250471
29991434 30276102
42411894 42620029
26872851 27061100
23358070 23564773
24480918 24681801
31418629 31611140
32812603 33016779
21622615 21839639
32740054 32924981
34356630 34569532
27093490 27289530
26308113 26555508
26205295 26396509
27297070 27495503
30412077 30615486
24427531 24645975
32653445 32862175
32807212 33011626
27039111 27287178
21877744 22134822
28171457 28400014
34260179 34466452
36860685 37114268
23887640 24101594
29295629 29492623
19046227 19262167
26960452 27177679
24596591 24815686
29048715 29249308
26189713 26396806
28256391 28470068
31394520 31645029
27453247 27654774
33253884 33530958
24162165 24417122
35157291 35373507
28773185 28958785
31786123 31990625
36732514 36954446
23686957 23875784
24384800 24584658
36495175 36734498
28605969 28814771
27633881 27834817
27499544 27758814
24447151 24671830
35274664 35483794
23472181 23656070
31987249 32227306
19158717 19363793
33678166 33892130
31603805 31817893
32243621 32488645
30197077 30432167
27408895 27638459
20199053 20439684
24184968 24372038
18795863 19013973
26787282 26991964
32187483 32379568
25826974 26034367
22736483 22974856
26725602 26949253
22483509 22677012
23880121 24084468
20844770 21052295
26374368 26609667
27265835 27497945
26754227 27163826
27428470 27623707
35592754 35797867
26696060 26899459
28756482 28974348
22979762 23193939
40026146 40254026
25694969 25905708
30419291 30641012
22355249 22587165
31017031 31240331
27335780 27519000
26808017 27012059
23950874 24161640
30947277 34984941
47617392 47825633
31910189 32118615
18973539 19192779
27688195 27886534
32847653 33050346
29612556 29828095
