304603193 304809638
299058258 299170348
320261680 320388480
330709599 331202708
299541535 299719409
302430163 302528624
303518237 303653224
323033974 323147012
372148362 372758769
319543808 319652332
237492497 237685459
287512710 287673158
259539876 259787189
275962453 276087082
284019230 284178762
319488537 319625594
292280252 292390414
349011014 349142209
362610170 362710367
307456959 307567331
28327210 28495169
27611223 27803320
114378415 114531351
197181173 197336779
192207883 192323741
161711200 161824306
157224737 157354475
179462058 179639117
158605297 158715718
183177028 183278715
27663387 27852506
47442626 47640627
48143882 48331110
173978322 174192419
176675064 176766519
246070775 246196316
174145958 174269855
192025374 192154458
264666782 264839429
257905093 258004581
95835488 96008627
42363815 42496018
35837187 36013091
125727016 125866861
142407921 142590982
180579643 180734726
187423106 187517165
188591508 188692160
177993371 178116979
202485993 202626506
213581491 213688439
205728760 205885794
66530445 66678683
31245982 31412152
37543482 37704506
174457670 174566833
141868530 141978047
201501074 201682596
151965141 152099441
191827950 191958002
207916831 208024083
193947281 194050749
173749579 173845882
30252214 30599296
49048272 49236883
25644143 25830490
167395947 167578716
211257696 211353788
215649228 215774015
216232196 216326339
214529710 214639429
174095243 174191986
176781792 176869035
143359250 143513547
27715056 27869242
60687447 60866676
265530675 265706858
206979855 207076183
306439498 306632875
300086331 300170264
292101212 292269423
286790722 286899172
274665792 274799945
274952739 275061788
333780484 333876444
113924445 114091072
190383672 190626372
186699640 186840976
213593997 213714705
216806673 216958849
240953656 241061417
280736098 280892314
193282068 193385217
194512603 194681159
198766393 198875826
298252125 298413232
35815586 35994818
104707528 105076411
223486704 223861109
194881744 195020658
240157332 240290904
247897869 248048821
226576427 226671236
285794442 285926464
272313928 272411222
296107842 296277796
45914598 46090084
372134219 372325655
417004764 417137614
427949256 428106896
449623858 449749536
364026741 364203192
380910955 381118055
475134968 475255347
444056775 444185401
463469106 463637366
340134559 340305530
54589769 54762519
355002502 355174485
427914308 428028954
419901990 420006877
499923310 500062839
503339365 503498927
478392926 478552229
494985344 495159069
558834663 558959526
481406898 481525217
237327555 237495629
55027602 55204733
50806801 50962367
65507162 65687530
201871964 201989643
209997990 210189068
188220805 188305592
191764651 191878615
211579821 211699282
204248133 204375911
246098564 246252141
30258344 30426174
30727097 30893937
24209360 24390800
43905066 44080944
42872481 43044491
229456443 229648200
208771466 208906365
242507581 242607783
192798498 192938862
244126507 244297973
233734764 233822828
184324417 184494988
129646725 129823138
21181845 21367369
32039320 32233179
184478807 184664334
186465123 186567281
195173197 195365950
227923417 228066730
196699704 196876640
282517057 282685327
246876965 246972907
162591168 162741859
260146302 260266807
115549418 115683057
65840506 66042089
67288643 67393957
88456837 88614817
154634142 154817888
175153784 175271708
136738589 136834750
174409655 174511826
189601011 189747075
224876480 224982796
232799827 232910051
77614729 77802058
82803979 82957637
27911880 28064701
66221717 66422109
106391689 106510726
121836690 122021089
150425834 150566238
146263333 146418173
122732039 122891389
123079982 123168598
63471746 63592340
70806583 70951765
28905474 29093951
36065312 36243606
70182809 70313948
77620925 77763808
56517201 56653153
83248272 83418798
95426934 95544271
41045147 41216363
33017875 33173061
19045787 19198004
62463749 62582184
64129972 64280618
48527082 48672173
56246888 56386070
61022451 61206171
78041756 78218640
78962020 79138101
85948766 86096814
85137058 85254066
66196166 66344533
60234024 60421330
60146396 60290816
98638002 98766604
100598233 100795539
66986344 67137271
94989197 95139374
112887406 113008032
65978258 66160582
112018679 112196809
45277630 45691276
90130569 90258084
114011564 114211278
84932526 85057748
94617721 94789585
91062341 91161604
77793745 77970582
90922160 91055223
74171379 74327068
111641786 111788532
105761038 105868886
26824196 26996788
26128683 26304046
112465602 112639870
106171891 106257350
110255498 110383557
51935865 52058392
78668744 78832892
102545440 102683713
87825413 87938213
118669830 118804460
85068485 85237945
70540240 70682966
35088475 35245706
44793709 44965915
65144654 65294089
56856516 65098072
29505126 29678145
96024628 96176153
82525238 82664677
163055121 163227409
179507720 179620824
179967737 180072196
87933976 88091608
122442743 122603591
87598906 87750625
102907766 103034505
62917296 63082078
56583705 56749173
59573721 59686639
24037456 24202100
45691639 45803975
66774581 66897794
39522423 39640470
20164684 20322554
41210225 41366524
75223953 75356216
73002864 73095020
53563878 53712675
50919237 51022273
30558652 30708227
76312335 76451596
89488764 89587002
62242972 62428831
117259660 117400210
32001609 32137946
64670832 64797885
85228393 85380594
46760923 46903817
45343677 45463877
28726641 28866827
61178589 61321616
71860218 71987438
112736655 112877361
109610098 109724957
104219668 104315121
99876544 100081934
108926831 109056188
107406303 107534317
106117424 106220927
38163380 38272030
28404948 28572897
36846157 36976131
69226377 69371073
107738801 107909814
120093816 120228714
89694049 89846805
118610328 118734246
121837040 121997643
140749778 140872492
158321924 158444767
64562336 64723776
44677894 44867700
29197754 29352890
50601488 50720084
70619407 73359226
51339296 51486393
45768147 45883468
61551411 61688073
160987554 161164252
152827733 152949159
161177185 161278271
184565195 184665431
39706960 39822896
35403315 35542976
31155166 31282779
55407274 55601963
40456173 40608443
114234648 114348073
126142875 126289089
176554282 176670179
159766117 159882243
183597556 183709110
142575407 142685633
101979509 102091172
84780167 84905845
52618522 52738241
52145110 52253059
54877951 55048540
59688939 59799444
111069268 113652662
164101576 164238486
182609536 182758696
196960758 197073332
161290784 161415549
204936309 205027842
211348924 211446303
145711014 145831187
47205788 47381138
54160922 54273760
26351860 26505888
172850816 173033848
174203272 174294273
184551226 184638246
192034885 192159225
167640649 167720906
216764000 216848501
182934514 183092883
65855971 65983734
70943111 71042383
25105284 25290214
47409231 47561895
41289737 41407821
141433103 141600443
140364506 140478997
145838250 145932807
155495019 155609249
113861874 113983250
157472227 157582988
130252381 130373562
48106350 48236100
62306211 62496939
64906925 65005264
23196945 23370764
134458065 134569674
152584119 152706599
172107438 172200569
175929387 176058300
135969595 136116420
198728422 198841093
200818545 200916180
72317584 72517973
88985541 89126600
36512613 36672803
125915348 126096555
126431521 126558167
139101500 139240216
135758780 135869483
133152778 133282768
120497094 120612169
128607655 128720361
22954400 23081758
31449759 31567381
25081679 25249455
18848256 19013916
26078006 26218677
140686276 140816348
146308636 146424362
153431079 153569283
160292249 160393403
154053355 154192576
193157888 193275055
73597276 73708162
49830200 49981336
74668822 74816504
53239212 53401815
24340544 24515155
58136470 58271325
94451552 94770647
115022676 115178774
127001866 127089299
151192189 151328591
149878220 150011344
31877716 32053689
18216580 18371927
32656383 32815829
44570771 44731699
38116050 38280232
33859836 34025831
93736657 93876758
120924661 121090300
152609052 152764475
135443974 135618552
212597541 212703253
87179132 87358210
71358827 71503943
28266669 28414781
33682734 33848679
39355038 39558637
46626677 46816469
43948907 44100387
32290984 32423743
61499893 61612125
65905761 66046358
106661205 106840481
69295141 69426050
36690878 36827808
35005955 35176890
47318311 47445496
48357094 48500673
38383364 38553438
49991624 50152312
99435081 99579532
112921798 113090882
104147817 104266542
114975860 115139723
126699108 126822051
31943479 32106582
63139053 63296925
105607200 105784341
63527623 63692338
56316807 56474240
45197100 45384348
116610204 116770578
103899560 103993210
107043753 107180456
99443896 99597595
130700543 130803413
37483396 37643508
29174781 32015392
28567572 28701463
47685968 47861095
48124045 48285021
115149467 115325723
134794651 134949802
100474567 100595977
136597382 136722547
126453806 126619125
39424788 39588200
60899514 61077276
73599307 73707608
40515236 40701578
51783817 51942251
24515789 24700362
114065782 114214316
136039873 136206317
129547106 129659242
142213405 142375671
95801222 95955563
71659683 71806127
39365121 39536584
47895047 48041689
37698624 37880477
34102104 34266732
32758848 32924305
93166271 93274224
96855638 97016444
139152226 139314235
124409241 124499902
168801990 168976290
69192972 69303227
73806653 73993018
28704250 28860746
34335411 34492386
37673047 37865285
36719983 36911452
25853210 26009587
76208796 76550109
129918910 130031162
124119959 124260354
150014870 150200908
144061336 144186052
95619551 95797766
90719211 90836062
32752164 32948035
32971039 33136896
38977832 39121034
37892501 38061770
123462270 123586475
143920812 144080732
149973221 150117822
146233245 146404591
90436554 90580643
84511987 84648006
103037962 103140179
44565347 44742405
34314829 34485780
43312809 43478468
26743913 26909010
23666501 23794610
114287407 114444905
101941073 102066282
131545177 131687953
99670762 99831450
101496538 101597360
54448547 54564075
58280612 58398609
32139294 32308599
37111744 37275426
40314851 40469297
132488589 132697933
146258220 146405168
163260115 163366222
182330971 182442381
185714820 185854698
114550569 114702741
124378934 124489039
83420079 83566165
62227823 62388757
53452368 53578851
87088471 87244569
133970385 134124945
150131093 150279240
132131242 132263737
168673159 168821750
119270591 119404565
157589970 157704403
157660441 157780572
51995379 52145331
36465725 36614935
31763937 31931013
64426598 64602511
66918678 67092264
51838451 51968007
26363254 26524263
155049488 155219168
183401431 183515292
192964936 193141049
193651991 193786751
222828960 222979228
227896880 228050493
143832377 143998001
150137759 150243074
152400275 152485963
27826891 28022683
49085863 49309526
215163020 215319024
232231196 232337583
216959961 217073314
238863844 238993984
211589538 211771313
192602299 192754859
249266782 249379455
167636455 167796119
175623898 175764703
46008724 46175665
24701478 24871891
209834364 209964576
227415043 227544665
231225563 231327545
231413471 231498681
242638394 242804708
245086594 245184035
249534465 249636183
256729610 256836781
85088948 85265894
21222137 21428858
23085584 23253475
161048808 161184269
176965460 177113637
190471664 190576601
203349197 203453526
206305196 206444173
213409013 213497465
214504073 214609999
220731181 220820513
85304254 85460552
37480821 37671635
33666495 33823664
49861031 50005063
111618481 111741350
141819280 141977877
182063720 182189886
166699122 166784592
168877957 168965701
178648125 178733311
181093424 181170538
48791953 48922803
31190742 31350354
40583755 40734959
41468710 41623080
129507212 129644320
167570411 167745730
157647276 157840780
134779864 134940574
156258502 156364761
160079558 160170652
161218369 161317476
63899776 64033274
77170282 77361982
43170947 43330988
23823474 23982398
111601052 111737128
145036040 145187726
145093329 145203799
127216872 127346547
157861801 157971866
120982056 121128485
91723680 91859572
85110972 85236832
35564798 35734459
34120409 34298994
97328692 97441775
128527986 128635117
166571269 166733039
184474284 184596194
185282882 185446351
186943138 187038601
163010072 163135244
155391022 155506939
108153705 108267701
31544410 31720390
61631106 61798897
52716737 52873055
49320427 49452778
62049993 62217821
24153173 24325240
150346376 150494340
156147654 156252102
161926766 162028130
132991552 133114263
170588890 170790058
20939824 21109241
41523582 41662821
30089005 30228609
58393104 58545243
58174115 58295480
125582283 125701446
140392011 140538285
127315433 127410871
174291934 174742265
190330330 190440618
127385247 127530742
115127559 115253457
182587707 182740407
53634757 53763234
63989327 64138375
161390300 161527308
203633612 203799561
209750368 209845887
227325042 227459338
184836516 184964948
226533263 226713608
146397195 146497259
172542300 172708683
102198081 102343297
87209100 87326809
34549685 34703936
33842036 34017566
182621227 182755424
254476133 254586893
262551996 262640615
221747066 221857156
294749396 294894075
256523954 256663302
211569615 211662951
212703908 212886251
33219558 33381733
19678709 19809907
24241624 24395556
73269982 73459941
52578170 52687483
76576530 76665397
104767307 104965504
146708019 146861100
147419929 147512886
77883054 77978632
154469022 154558387
95076075 95201040
22529834 22676814
86496069 86650527
86322959 86460332
92359663 92435512
45044005 45173675
85901586 86035684
93161250 93281953
87541291 87637674
87770023 87879928
93688221 93843843
33041578 33168427
23172959 23371387
83584865 83696291
100099228 100208264
63116292 63241743
31249550 31374635
75953255 76168585
83971306 84070838
87563941 87661938
70339363 70478928
128775873 128868850
50188988 50366297
87709091 87905062
107401582 107550637
113069316 113160563
174658023 174798343
244966411 245095656
153194460 153297972
158001647 158097947
161649657 161777896
197715698 197840489
29657191 29817763
48878963 49036404
47814628 47971547
43060320 43170187
27901484 28065764
33593856 33752867
106925198 107041075
139242712 139422489
119280520 131301266
137792469 143172360
111464795 111608721
28190653 28337055
40123708 40289509
49302731 49448579
29616467 29773005
56053872 56220118
34060735 34214464
94961314 95117938
113147172 113269895
93271224 93414781
119474254 119576573
28560959 28677907
42930828 43061891
36430268 36577922
30254625 30455183
47014535 47356734
61439392 61634658
65956270 66141378
68316406 68513572
99653911 99811052
105412331 105527029
128593390 128724526
96498971 96645583
121981693 122147480
76451447 76583968
38645758 38798940
42045968 42195981
72781040 72926484
77145191 77265325
74235422 74622341
89861818 89994799
110902076 111019499
92754183 92918914
65550883 65667988
62629451 62768618
43640126 43760729
32228515 32405098
54475455 54619715
92978979 93200704
109826112 109944801
150925101 151062976
138979808 139138781
173327893 173492645
108386179 108553795
167661093 167779775
101447654 101575115
26678248 26818182
38036062 38212249
36495193 36638145
33753896 33939524
32808186 33021877
71146616 71314916
108700127 108837460
84998302 85108261
124481054 124613359
137956947 138099480
110759541 110874281
29957017 30127405
24948826 25228028
46374970 46537888
26339064 26485466
35974266 36122977
119598900 119825150
117983809 118111445
141632028 141738014
150291880 150409414
73573414 73711030
168806352 168908055
30838823 30979318
21899890 22081244
33830834 33965911
43292906 43447167
73526168 73693156
51862577 52003720
49146749 49294321
30000631 30134051
69414998 69538063
82456781 82586546
95919701 96037769
52777412 52923872
34474637 34627021
40328437 40527746
41540912 41738028
48072060 48241289
158426544 158588433
171214167 171333598
179741325 179844457
188393115 188492039
215641854 215753590
166228622 166376819
139497145 139705976
99257268 99370156
178771980 178865310
85861651 85977549
143162302 143323352
155642519 155769946
160715510 160819662
157234229 157353260
223357824 223460807
215760610 215885893
209958503 210060587
146906667 147055108
146333195 146436293
152323294 152432859
131902749 132072315
172847070 172985620
136980020 137102207
233633629 233747276
211795831 211910201
171138831 171240696
168561032 168650987
201557354 201687147
160862078 160964781
204426555 204802800
23796297 23978936
48017687 48153046
41745028 41867673
78263351 78374349
116045372 116211697
131150869 131264798
132002376 132097367
126765875 126887241
142123191 142243346
27345286 27505646
44599233 44728111
51894799 52037403
39666380 39759259
50479869 50648810
23588895 23727279
77645564 77795380
98088990 98201198
85538071 85646010
106520699 106641573
45185302 45351252
33201883 33370045
62655832 62783238
56424425 56521859
50496928 50668554
70213985 70313028
28360187 28529937
52774873 52893889
94415864 94566633
80725754 80871904
120914837 121000744
33031836 33194923
102430448 102586187
91082773 91200876
59587287 59702672
31638038 31785355
19569897 19692411
46765970 46927191
96153588 96311636
109181825 109311510
118647177 118738160
124226597 124329052
88625425 88861681
89074325 89179552
91823096 91933472
98689296 98815231
115644818 115770604
32984033 33124206
89479534 89644266
89614058 89718785
75993114 76120683
114551192 114659080
56737307 56887859
70302850 70409543
79445960 79568949
68260712 68358534
69315907 69454912
42473251 42607584
74455570 74654754
69971469 70119586
60013847 60101608
60947003 61092389
30199545 30404396
111988095 112151904
104749176 104838681
125483585 125606351
103200225 103299271
162496652 162591339
121316303 121488913
120865128 120985571
151103683 151238248
136185711 136274860
70465695 70599803
26613095 26766788
48282818 48415935
55932291 56065543
64626426 64814436
61662585 61778482
34584740 34739468
92312068 92473013
85276849 85419336
121630266 121748846
118372793 118477057
56552029 56708588
58143940 58232158
45086270 45215706
54425916 54529914
69691412 69873216
68438554 68544532
22288937 22493288
68748859 68906743
69530866 69646341
71303239 71402677
85197208 85368878
86099888 86207517
75813438 75957724
64025143 64176267
52287172 52402017
74124584 74356504
50479032 50632512
34627848 34756107
60133711 60296706
52973843 53082137
81441725 81601387
105240545 105365005
109638194 109739687
116352704 116459275
37041872 37145305
45310690 45448240
30030083 30140155
40450906 40579863
71382229 71489745
80206012 80365240
34235304 34354509
42042457 42161288
61486076 61650466
62146109 62236012
24132199 24428927
48274610 48423045
83119990 83236472
52142813 52260702
48454278 48574553
57509362 57652918
62787046 62941722
70203608 70313992
88130245 88276074
107474449 107600071
129282754 129418666
133064577 133174658
114446050 114559129
154903468 155015901
98897147 99038492
117105792 117234237
53912259 54079976
64953535 65084091
58274290 58445737
44473663 44629233
26590682 26749166
36665755 36825237
48429098 48574611
40851460 40986760
51346795 51484324
60499303 60639715
70286217 70447051
66356407 66504138
124507071 124685191
129530373 129624834
159017521 159133590
172680975 172801897
125639620 125806503
122029808 122135470
139457727 139549279
115198920 115307888
51419904 51627980
78584734 78731166
99215252 99366326
124738935 124839807
142177216 142312372
145918158 146027063
163635256 167463210
115193048 115283378
140387578 140522078
215362987 215518448
34713180 34833991
27704480 27841918
84461233 84615179
85895146 86000531
82711096 82802385
97700318 97801351
129995957 130105001
153182285 153297039
133479442 133585422
136559228 136665028
151959307 152067850
108671496 108783042
67878372 68005498
89597810 89696037
92781619 92918235
78953215 79096114
80114545 80262895
103341672 103455610
88204190 88345341
129701820 129824673
124540941 124651731
111672449 111769139
25032247 25199581
67719418 67862081
64578838 64669482
55241660 55386916
88869009 89084113
99025515 99127863
142284290 142448498
145077238 145207951
139518737 139629500
121793067 121923159
187745787 187908604
206260450 206375941
235853939 235960799
328855965 329026595
297037631 297192542
306757062 306850735
227527374 227655204
212774758 212955862
218641510 218726122
218790187 218871531
115752385 115912637
142981463 143138808
127224793 127318126
177255135 177436728
207111501 207219762
221888720 221972310
163392607 163539251
149657455 149785915
241623446 241714683
135277436 135419910
36061411 36227429
49441584 49564433
49430576 49568297
48867161 49023149
73326017 73480304
126442584 126546666
130793256 130909024
148949899 149048849
149991444 150114020
152392060 152496135
49050962 49198193
21998819 22242791
125750008 125859404
140456245 140542849
155909021 156063788
113594532 113730084
148117465 148216756
180608472 180737261
137838660 137936904
165238659 165339512
149720420 149805895
24703720 24848335
72977032 73132985
147925488 148033207
191341557 191555777
145892396 146004817
197003105 197150898
178168940 178268530
165129903 165250088
205032855 205152857
204778757 204898414
81309507 81444120
50436824 50587649
34316443 34474343
30711755 30847211
186395648 186504160
187877077 187981766
218528739 218661856
174596586 174954327
220846095 220930192
177110859 177255752
210006418 210127211
33683324 33828618
33391617 33539165
22252453 22408071
219569737 219670238
235463271 235653833
213413432 213517930
177645688 177803718
251772010 251887820
246503405 246606592
247585045 247712752
112254623 112379599
153726120 153860912
288465124 288556407
20035778 20190321
52565932 52662022
136603860 136718124
148545371 148699494
130904323 130994335
113069488 113207294
208898694 209044266
167246600 167370043
173990008 174098406
184225938 184318819
67487344 67678344
60745390 60861899
108629697 108785297
111645655 111760324
130961592 131067593
127307491 127450374
171593033 171720331
154164834 154267846
154343936 154427418
161470268 161592671
48302427 48485685
47191738 47334483
34085162 34255285
24597931 24766801
18326364 18461087
119177079 119307626
136697097 136810283
134367791 134497250
172082358 172194676
149531356 149649104
137849428 138008259
111805312 111938720
126061213 126180855
148961330 149106962
82418218 82558591
151675564 151807473
166292608 166395537
174532010 174665483
179728990 180061649
187981892 188100870
155841566 155995751
140472817 140595121
120442239 120595477
128821622 128929958
114183938 114314979
22438881 22798016
42736054 42864327
48045187 48144459
81920358 82061545
97420267 97573445
77814019 77967916
110995268 111094942
57741205 57874562
68510221 68623265
92152086 92267701
48371206 48514456
72210156 72317129
80181028 80328364
69886324 70041091
80198426 80311420
78796107 78893032
96630088 96774675
89245541 89333966
102728937 102831924
102051981 102145113
105267920 105344742
78279999 78414308
111898295 112006401
62446281 62599207
66999122 67090007
57277154 57430204
107986003 108191050
105976863 106086679
104699332 104817743
162157940 162311192
129899193 129992951
172953085 173064555
171199380 171294840
135059619 135184239
146813435 146958050
107576114 107711953
63245703 63404674
73423304 73554607
80836166 80925133
157913407 158011615
167210350 167367116
157448445 157583666
132592405 132715267
179479798 179585883
162612738 162732486
162271719 162357892
26824996 27025604
42526836 42636208
52541704 52650685
26642653 26803033
93472939 93591199
99963128 100088409
68686897 68815209
82455118 82564738
32940763 33096996
65106352 65250035
68196934 68281743
36386355 36533157
36208927 36630205
33901486 34026852
102042110 102227642
97184534 97285137
99499817 99600643
111836738 111941280
70106932 70256146
40572746 40703205
70914491 71013834
56713898 56809031
77384759 77507093
39212018 39315078
80204569 80339170
119901652 120055328
91120282 91207967
114685465 114788886
102304036 102396954
25943831 26118207
37242477 37352180
70065521 70232323
93507276 93638277
59720645 59819836
27118172 27267577
121517680 121675619
157234972 157314536
145548460 145670995
117973361 118122874
198756056 198876147
103654472 103786959
77865875 77987746
86105118 86198670
98850685 98962993
42847864 43106164
108647050 108822630
139436880 139552722
165504860 165653626
171995545 172132069
187032954 187119988
179379076 179482467
147656411 147767087
158666116 158781449
156952447 157056473
76172169 76314541
41075645 41217523
29812894 29965454
74429322 74566472
129375557 129497246
148268951 148387522
221957404 222067157
238547549 238655958
201051487 201159841
191139633 191243883
169393550 169496506
37210875 37337652
34521179 34662161
39859067 40006905
26895271 27215628
35390493 35544702
94376551 94494577
142819747 142936370
171526158 171702609
182689888 182813485
189321889 189400506
128077145 128189526
93098099 93230938
24793047 24961783
38812315 38995441
31424394 31566451
47858590 48010250
79460682 79609274
108073896 108157484
84494812 84627200
135825593 135909573
181153951 181270147
133430322 133586653
124890849 124975786
139372159 139468118
161065503 161191536
111972938 112075783
51393862 51549657
110298944 110428315
171238153 171408952
187787661 187875973
193360141 193506790
122865866 122986137
154692849 154801782
169593128 169724913
173746636 173854337
174468050 174562138
30029922 30181016
47244974 47394732
56632099 56788473
80569335 80695485
93192395 93304906
128950973 129068609
146445005 146536303
155773049 155857539
157444955 157533420
161466735 161568965
51134766 51296150
31204375 31375152
26468233 26577401
141782825 141943528
159800497 159948147
167310647 167440312
153060980 153163844
157935432 158023778
171980817 172074551
118059084 118201365
114529331 114628993
162021190 162153695
99526180 99628681
32664067 32825423
126120424 126248694
173022542 179314016
202470112 202592373
181129674 181218020
126386709 126490755
145823941 145942142
241859068 241950550
175155672 175299913
170094611 170175126
57626943 57772895
40630141 40784528
63768144 63895690
141503982 141672779
181101201 181234895
161683397 161810172
168899186 168998480
197113262 197191638
158048594 158152027
188474990 188562063
35516942 35667404
65682580 69350182
57115017 57272514
77214815 77364658
65675407 65791615
113711887 113880055
105358434 105466595
142077087 142192276
130755012 130886556
126538033 126701112
77752225 77882210
24021159 24179204
44619111 44771770
63259100 63388201
75638503 75765891
33311238 33461545
109176799 109329945
125570404 125658185
134006640 134124391
126937585 127039014
119418481 119554225
63172983 63331773
53734039 53818364
76987211 77170243
87887985 87975180
53779216 53932109
82331596 82476797
141488877 141603519
149013408 149111012
175540051 175692388
106307768 106418174
148769061 148900159
110445054 110571194
47736866 47877313
37530049 37644566
41585314 41713813
42269549 42407146
103281401 103454283
174548477 174678802
192650479 192782047
190555759 190665319
211146646 211226856
211902633 212007807
99277933 99393448
89080131 89251896
60755333 60877774
20552862 20721980
35309122 35484965
48680060 48794876
89408167 89555326
116685096 116816496
112230298 112319274
115296913 115453109
172476946 172570296
178478477 178588780
208010419 208131588
73562413 73707632
34083845 34252370
25305711 25489156
28081194 28236638
66733897 66989875
60158438 60267569
134985304 135194593
130009802 130113182
130784211 130913204
141727426 141821271
146029674 146112751
36103334 36259412
26416940 26552855
40911747 41089423
71029210 71174164
65022602 65109503
97532780 97642315
161155289 161304088
165149276 165248698
187893420 187982723
110767035 110886995
220630168 220732930
138061799 138165075
66927996 67045461
60713227 60868009
60626919 60713804
55906239 56052126
103537723 103689926
143566740 143711072
183539761 183624201
117373524 117462640
131178635 131322820
115760641 115867434
124016956 124115045
40075698 40185295
51922989 52073110
48379725 48535872
44321203 44539440
31016774 31138425
39932134 40059167
144084732 144221783
130029908 130130139
142760966 142882513
153701975 153789708
113227525 113372433
166746344 166830118
30485574 30611633
71080074 71230565
48731414 48857510
27882925 28032563
144587539 144749504
153639771 153727774
160667017 160783306
157477119 157579638
187051877 187146947
170875472 170954309
104001782 104141215
28196292 28350753
44722257 44825151
48562151 48688132
156729699 156861351
191455204 191602041
177506199 177585452
171445496 171531320
169692771 169782940
186591719 186679867
221182192 221307378
154382651 154520145
84278334 84407470
67227117 67343665
52717724 52908332
184288569 184399259
191664361 191753522
204293398 206703340
214401165 214512361
210646410 210781214
124470867 124563187
157848429 157984147
202242377 202353860
146098131 146198074
44068475 44239117
103146643 103286000
181147223 181272362
213057151 213162367
175174074 175286383
175782602 175874952
216588028 216723060
190712559 190801776
225694607 225777164
238241166 238355216
29140808 29285156
47025729 47188212
36218963 36357040
151182672 151313608
162331514 162419902
173761037 173850310
176455018 176536443
176588578 176665986
183416938 183601259
121996184 122122605
197832036 197934520
33090002 33248541
37023940 37172389
27267992 27423911
174921030 175050859
160128074 160215158
186089791 186202510
211159193 211256229
194332462 194427334
227186674 227322597
192429468 192557487
106117903 106254836
36395241 36559668
43251834 43431391
112675307 112839679
126869474 127006235
167370951 167547980
189025690 189169394
177160747 177251304
189841993 189955591
195120557 195203636
187324531 187437936
130378062 130541033
56558897 56682065
44925506 45087311
46854804 47004886
124049528 124207855
152051529 152159573
183346004 183454878
206277445 206405550
203407119 203508866
145831189 145914316
225155422 225291897
157936305 158060582
34477228 34626310
30386401 30513687
120492183 120653314
122885581 123038053
153867102 153986139
136688660 136803612
103720490 103823503
127119297 127251648
144231514 144334034
148323849 148403970
70098290 70228996
36564522 36696556
39821096 39976104
107871377 108010923
135837174 135941327
141640408 141807646
172350102 172445688
144610763 144734637
137495243 137614501
182640110 182771045
124877998 125008602
133539259 133661479
33584723 33772455
84406373 84566280
97035674 97173384
109436842 109543979
128138611 128267770
219406596 219572648
118455805 118551822
158503573 158615465
153107011 153206017
142878918 142988400
34973692 35116996
42355116 42463441
57243151 57418762
28145892 28277440
79842274 79984878
132214106 132356276
159748364 159839943
161462826 161611283
173902891 173984503
124488744 124605683
182245250 182337694
41315360 41473447
76466031 76614945
66155659 66266490
44465577 44614585
108454949 108588923
149564771 149760220
177484685 177611915
176939852 177047802
131788199 131868816
135901585 136037815
79270680 79475686
80214317 80344513
104813514 104921519
26096689 26229805
53480889 53623770
123632239 123780266
126377419 126513850
114020754 114150262
103933537 104064116
148271922 148381079
44948807 45091374
73559368 73701500
63056753 63161714
70275050 70371913
34458351 34600472
46651889 46777519
106624958 106742671
108915237 109067972
113850881 113933303
145638617 145789822
83162663 83312532
45203574 45348591
57252798 57357326
63327823 63436553
44323087 44477250
48328921 48444999
39896744 40044454
36254144 36387403
134062199 134187725
151842845 151961460
165064579 165205256
181417696 181518953
92910245 93029237
101734708 101873867
36501802 36612009
39272835 39396584
24478114 24660563
163984381 164136008
158022873 158107398
200177311 200323077
144723288 144855402
205436517 205597728
152002173 152106136
167154084 167278580
261148546 261233457
176039116 176144702
40061305 40176514
38787614 38925891
59661951 59766072
76585963 76692455
98542255 98685014
47217506 47334914
131252436 131348809
133070618 133156332
135261718 135355807
138155140 138281775
144394069 144472262
26775674 26918592
80160047 80285823
86011397 86112575
122160651 122275739
77850514 77963353
121496167 121666695
117009152 117088062
138892050 138988081
138349748 138429785
140180065 140268886
37537588 37685666
45630105 45736145
72923781 73059161
50849125 50984149
42782897 42889590
20500925 20651980
115780504 115925014
121837848 121930380
133706578 133804734
141919490 142015740
69046674 69205136
37120986 37271778
62403382 62558948
42429624 42533513
68349770 68502691
28121368 28286069
89672937 89839461
143919654 144029534
149710005 149861076
164482375 167396128
195759843 196622542
123911651 124062669
115808166 115924848
127894853 128000899
80084019 80264157
33966530 34124207
35263982 35461878
120802912 120952354
141001872 141156358
176036805 176178942
190103305 194269991
140669441 140810465
167776639 167957912
233416134 233497431
111051247 111190912
129986876 130124918
31702952 31842063
57649932 57792659
71661251 71818076
89775609 89983460
140058987 140185776
115254231 115355104
130864504 130953480
134354704 134448568
141142332 141249438
163128631 163255709
53333546 53451133
71858261 72007098
43537148 43659068
62232469 62389270
54062917 54191048
134295751 134409604
121892640 121973339
145951935 146031622
112379203 112501118
159773992 159909940
135041731 135164514
49510459 49689045
42163970 42291874
60686076 60809803
85294744 85436444
93144020 93293580
102606897 102712346
106166538 106249139
86927392 87066634
74062601 74233026
53408653 53546565
43419015 43567303
93848686 93965361
95028336 95150753
97897421 97993279
48169278 48316456
81308015 81421169
98695068 98849820
99331790 99416831
43415547 43579845
61418374 61533143
34941670 35060680
84907162 85025955
98838145 98974202
92425883 92523373
30035894 30154886
83329048 83450635
83789869 83916376
90803694 90944054
54822612 54945481
66091839 66242032
40920689 41029184
116725887 116885602
105296471 105400718
125453982 125558115
92136764 92248999
85269734 85378726
96126549 96238886
90469326 90563593
25109429 25232134
56348512 56478327
61628982 61747169
55104278 55247446
69308878 69451414
102301716 102408685
67945405 68083674
82923016 83024584
104814169 104969266
104468352 104582119
118811634 118938900
115445624 115585138
71355364 71478304
37006556 37198992
74688002 74824252
76059321 76199596
71083728 71184591
84425872 84572905
92505261 92601113
121477705 121607864
90712858 90817528
123956130 124066458
67725460 67867150
32840988 32999725
41300152 41447469
60494476 60640305
61561558 61679918
60806966 60936676
78215515 78357927
45011735 45144766
91978001 92153305
92585020 92681592
96989837 97081120
22644221 22794792
20795815 20929058
55956615 56055768
77046362 77170622
72570885 72717335
83130367 83258656
59791483 59921650
80872387 81014548
95855254 95996048
89703909 89813032
114234527 114374696
36347512 36467902
23659330 23781228
24661902 24779123
92848187 92959004
97837854 97964206
78013870 78144177
30542464 30675528
75948183 76087398
91291070 91416851
118430798 118578283
141653206 141771827
70073442 70193313
93257234 93368455
95414462 95531051
106871277 107001919
94162090 94263589
50060407 50223641
50094404 50225223
35628488 35730887
94451793 94583560
106359468 106481217
128313876 128421739
135666578 135768765
75636586 75789903
80499534 80611833
73340080 73473952
71551741 71650329
46159367 46273642
53335662 53468373
47996858 48151012
56832021 56950402
62632557 62731714
69714015 69823081
38608071 38743794
46228196 46340495
64535815 64670343
73471913 73577386
60004023 60127713
69319371 69420493
25535818 25673016
31275754 31412813
65379611 65519061
70462725 70560222
57433626 57554329
34909856 35016294
68650495 68751506
70376797 70492858
47874564 48000288
24092446 24205358
26894090 27024863
28026488 28147297
54201887 54341494
68575834 68665373
72679751 72778466
93517025 93614791
45409565 45525206
51947092 52059982
63893202 64039410
58009986 58111672
112765505 112902951
180132895 180251704
180076084 180168013
171004861 171110985
168067141 168183425
207300358 207388088
113599625 113691060
133456702 133569878
76384240 76537001
69725995 69835730
42968956 43102935
125586446 125694027
190947745 191138531
149349102 149426414
171627388 171724649
162229111 162320506
172275799 172382069
183902385 183996810
26159141 26307091
35899728 36028719
30836448 30986695
23551696 23691903
174234159 174418779
159438368 159526671
166454347 166541769
156818347 157092454
179414241 179528006
196670886 196767589
95061583 95197359
34712882 34816537
27005379 27185260
49347481 49499041
46013628 46929685
64900082 65046435
95684713 95806236
110723003 110887252
113980554 114113194
88372703 88499136
186000852 186149862
108620109 108756225
101611411 101699960
23869486 23991741
43807052 43958688
27226153 27409613
48567732 48691372
42312406 44661942
42868879 42978748
114225067 114381686
145940698 146047443
128638297 128716682
104692849 104809914
133667002 133809673
22593576 22745292
32592794 32752170
28968030 29080693
42868746 43014249
44023016 44151732
93973326 94125460
100117360 100229474
116316597 116430811
133061928 133159655
132823227 149742250
54677826 54820480
28895254 29053580
23716849 23871693
66159213 66296044
57209130 57317286
33589302 33747505
91311197 91398920
115474923 115600792
123480785 123588499
173677515 173778327
124151797 124249518
75535847 75653219
35478154 35641983
64085502 64268618
64147982 64310377
78274018 78420353
60743606 60852415
83174133 83317918
96610380 96702496
112665116 112772890
118019064 118137986
114964152 115057542
19044748 19215435
43400203 43544665
76076381 76242340
78508105 78645563
76799475 76945099
56789727 56980382
68090550 68206551
38016033 38139983
85059072 85230494
74139005 74263054
97746248 97845986
30779847 30921839
23526481 23672095
70474528 70751078
62302902 62494994
54490345 54611735
43871422 43988868
34826659 34984673
24647232 24807374
72061717 72184066
67715579 67827577
55542537 55672869
31895768 32117978
24807342 24941048
27886870 28071097
47481825 47649455
44013881 44113114
68166456 68319414
57351360 57501550
90853036 90969224
122020895 122133274
153999820 154154604
113148274 113303819
141635740 141741161
105233035 105356458
142576428 142703085
138794133 138895055
32362987 32522903
31764954 31906399
33901126 34043106
56438974 56578560
53042487 53127380
27946889 28086082
49427276 49573039
79055248 79165572
88757123 88837182
91692552 91781135
62948591 63087711
45095487 45233289
23267320 23444304
52279834 52426137
56760410 56877389
31662402 34097226
25532863 25635910
78509323 78607296
72046604 72160265
90453393 90574394
60085819 60240946
55032492 55121864
50613194 50754276
35432266 35548628
54487084 54634889
74711506 74822855
53728643 53861110
101180194 101307898
103994939 104076454
119311102 119407047
65916665 66044791
82878185 82989875
112335811 112445144
121021590 121164419
106609143 106715370
91685773 91833190
92683072 92789153
100479253 100643977
108564957 108666016
100238640 100353660
76445317 76557672
83014009 83110944
120398766 120564112
128582949 128667870
108733431 108859318
148901554 148999446
108771314 108874597
36372453 36519867
51426614 51538824
43731542 43819236
58400254 58526040
66018417 66096933
77312486 77459073
108968442 109114103
125960047 126065104
133246896 133350110
136177307 136251473
29534689 29660709
69033954 69159872
86509630 86628506
74231129 74365842
67633380 67729254
34159095 34304362
25803168 25940217
109583179 109716371
95445731 95541917
141253989 141411235
151866097 151988387
56360264 56480133
29391701 29505772
48747010 48883559
28319513 28445318
37175021 37344285
74170952 74313084
172588023 172699990
148413179 148503735
164730771 164823153
168333792 168443285
151305577 151400922
92260788 92428765
36390662 36616072
36122869 36280785
56822006 56980723
23607102 23748385
29933305 30191174
132980332 133109747
127704844 127799525
148977884 149083708
174164315 174287413
167153457 167275717
85170745 85304172
121678637 121798273
24555792 24708393
26275127 26400732
25814600 25981312
22718475 22888036
231994670 232154415
233666657 233753288
241513177 241593649
157716024 157844231
265284252 265386836
269804027 269882227
199498737 199622462
291178376 291261328
86382169 86536476
26513859 26837067
58387119 58532789
138128839 138239306
237182975 237328573
196585291 196687858
211228146 211312971
238343793 238435724
252464460 252550692
213398079 213496426
124907805 125027820
220608075 220706717
55513154 59324636
128302125 128454362
165361447 165495222
178706233 178823097
179074989 179195707
189840548 189935078
190865803 190963518
177773656 183779740
176419160 176523684
215367390 215524918
32534549 32685716
92520171 92687444
173691900 173859007
186305911 186441493
173784501 173930825
244194672 244347292
167830828 167946558
155186233 155311391
184939293 185056628
185989833 186068153
215886041 216003743
47658913 47838811
173552542 173644953
185027146 185140769
193476989 193588164
207733380 207827593
215536459 215661401
120293840 120409306
199121770 199220973
173036561 173140077
199437627 199526960
28408995 28559672
52275541 52418228
196531696 196666030
185180610 185286795
186498821 186580564
219837260 219960539
244537585 244641815
213019854 213133247
215435701 215512611
244457090 244542055
98740359 98908140
47206010 47356957
157718538 157836002
147749848 147836221
182590777 182719680
179455137 179574701
165457404 165575404
174194009 174274227
183345182 183461732
213927303 214016954
182099979 182187513
34633945 34774315
112450790 112544596
159331069 159438136
161320807 161421319
186812105 186947772
128469421 128586160
169445551 169582664
194071940 194215006
160742193 160832603
175938529 176031129
108264763 108372608
39226920 39367861
82026633 82144430
211451079 211568694
180421630 180508689
179442258 179545599
180059898 180144970
237075025 237195260
220161277 220256722
159059078 159192525
159619977 159709272
39758312 39909976
28966521 29140386
170737464 170849463
160418456 160521000
218226900 218318491
224668240 224743929
181548220 181663675
235488666 235591667
256633691 256788277
245176501 245259071
62276739 62389023
30486970 30625560
133107328 133285069
178621931 178738369
227814065 227958709
213119820 213226453
197261801 197349407
198748451 198829884
199593406 199745638
247885261 248029326
182652158 182797271
268826843 268907489
28852542 29000178
65692646 65825112
73826587 73926815
136187846 136292754
140288626 140393266
147072072 147165072
157976971 158091378
171341751 171454264
189129002 189213768
199610403 199686017
30353573 30512196
58683073 58841762
54788216 54876396
26965154 27092656
164169477 164317451
161405454 161496643
143199536 143344787
165185821 165287334
168949140 169025992
208353260 208456765
66450671 66571192
47915171 48076729
65270903 65394226
52853542 53018505
145698587 145803343
212373036 212552467
215244442 215346623
180240283 180370472
196237097 196328221
199344451 199494339
241656903 241756689
112456835 112648874
131052587 131189255
90030625 90146222
35082634 35240399
33264792 33417188
178766594 178879072
179857751 179952939
184141383 184285091
177145593 177242953
149715046 149830563
163287270 163418201
156577385 156679966
189144988 189273111
42205786 42368761
59533842 59681440
175897110 176009027
201262670 201418178
221526440 221700909
219312081 219396219
221708814 221782646
208827011 208925810
227503708 227648271
223779927 223872686
105005766 105148738
27745210 27888457
44182365 44336250
72167145 72298864
138133116 138269185
199435100 199542335
200496807 200570274
202408801 202494304
204518178 204626314
223750014 223853231
224147465 224234392
228370672 228443030
55432723 55577740
57589965 57754418
32136421 32326147
145829138 145982311
161082197 161239506
133671146 133764385
167022569 167168370
137601089 137721779
169667684 169769826
123842190 123963250
55996126 56166652
57254032 57339988
37740822 37903119
78311632 78442448
138938876 139061030
155467550 155571947
115973840 116091508
138380908 138526967
139803692 139906591
140669466 140751419
76373905 76503996
83925372 84007189
47598343 47703894
66071115 66218789
107288487 107434606
104818771 104902673
110344383 110417051
109246273 109350461
112010780 112102612
117680133 117767068
64313848 64431161
72422828 72529737
79046762 79140677
31770656 31918806
104040660 104178458
115312999 115427129
206445965 206710567
207509298 207732235
162837865 162988193
169342666 169474564
100873364 101008375
82508001 82653565
157673448 157797871
26052040 26178761
35043900 35195724
26769307 26905917
127105888 127219981
187854115 187953901
200747379 200859534
227292546 227406042
134384786 134565451
187575923 187692287
191613119 191701642
192089884 192161410
34348817 34506735
26666404 26887827
25398254 25537770
139708060 139813344
159349675 159513304
141923932 142056721
172681678 172799388
166330494 166416538
173244653 173344567
168390828 168492944
104439898 104569888
43259774 43409440
37506171 37648879
60337595 60494241
48852066 48968289
158293371 158425569
172032389 172126640
172880742 172959243
127988022 128077439
182811142 182890189
156697535 156832716
150617369 150719500
25467173 25651018
46779355 46899256
55740728 55866271
109896429 110029869
146237842 146352620
152430514 152540073
176166966 176277529
207326363 207413678
194386486 194482133
216017995 216116224
130117762 130265815
62244188 62402982
64283400 64374931
66354894 66514054
89329444 89464813
117931164 118124112
115802937 115897289
182167261 182259982
150883733 151034419
141151641 141264602
138250812 138342502
56925078 57032616
62548964 62691668
28735691 29171795
55600458 55736212
61969561 62071035
88262037 88385699
99564959 99684022
118808929 118904327
142789607 142898365
120361223 120443263
76524851 76694427
68914067 69017063
34569342 34725485
40334553 40490482
47250745 47358838
25346482 25495074
115905831 116048262
109143135 109238211
146519191 146630406
96354651 96504763
146408482 146505266
106435267 106514129
19269123 19411853
167062680 167220013
178900950 179000988
199246132 199340466
173027720 173175976
235095628 235186178
248893041 249011079
240882126 240978651
246404377 246479933
260091586 260167018
221002346 221096453
59782045 59917978
111218335 111333424
187286127 187426100
162019621 162127371
216434347 216560967
196498437 196593630
209624089 209758374
209996444 210088984
206465835 206558883
260980791 261114313
51093148 51240957
28916364 29037703
39677206 39835542
46560215 46708992
100333173 100685468
104857049 104959507
136142936 136274288
126352888 126515500
96721790 96818764
101004767 101143795
51975776 52126860
71070360 71206273
52792789 52946723
42817893 42947585
32922390 33066872
134921905 135047908
96877253 96990402
117497538 117613277
152773367 152857934
110439421 110540285
44896197 45031746
51615851 51746751
34045950 34214376
36732047 36900464
42231826 42390455
117659862 117836866
100907051 101007740
141943535 142039402
144276119 144378451
173940647 174052885
91850443 91995967
67148237 67269005
53929543 54058567
37763654 37872346
31394875 31540952
75220257 75363997
86558354 86666216
96770895 96890696
145645515 145761704
183943345 184062458
217295359 217445844
187307324 187427098
110916318 111049783
118183264 118261938
62809746 62957656
95576131 95738604
75825995 75923123
76592446 76719279
28007265 28161293
106292018 106419285
135612304 135704335
141262779 141425995
117083113 117174218
130234334 130339486
94849826 94962905
168597865 168789859
136297468 136435419
164456809 164584141
119532403 119664891
29134110 29282606
84850199 84987606
95409653 95515233
105067874 105166102
112607304 112734014
38707739 38884788
104417795 104560400
95192241 95322815
138224194 138333408
103575349 103679316
64459822 64581481
81422646 81578848
76460689 76567225
53999442 54115284
74005506 74139459
33406578 33558925
26650011 26785386
81847370 82027717
112097158 112191902
113512149 113625350
195317630 195449558
105026177 105117279
121214633 121346057
112739070 112816113
117203114 117294162
31383410 31500333
26569005 26724687
35673593 35831528
46750027 46881417
48176524 48338417
30198332 30323882
90031808 90193637
95793615 95913731
104345771 104443433
122846523 122955384
127610183 127690795
43773139 43930254
49621621 49796057
42234281 42341347
33462663 33617531
31409711 31527544
28306506 28452500
38403497 38548769
75655204 75778364
114606771 114737025
106100071 106214993
68449278 68588549
68533905 68627388
100247242 100454338
62167678 62294302
63955513 67106555
24569407 24707960
35956731 36095621
29847589 29955280
98387889 98519204
94696574 94777734
73464792 73603907
39403925 39537468
114283879 114421102
93126794 93237877
128230845 128351268
114350111 114462655
43738271 43852489
48597533 48749129
23393104 23521760
61912404 62025116
56618355 56782854
38632146 38763365
19074880 19222904
32608175 32789540
31292019 31382609
164737333 164845013
181306962 181436977
222883406 223030153
154243494 154352361
170453504 170592906
172004046 172085617
176077850 176175121
182385470 182487084
138649346 138770404
161379283 161474972
34660789 34822280
56306754 56446951
54858820 54968994
120933321 121043158
148234953 148359807
143152012 143278049
158447209 158532193
170908377 171007121
159473435 159549682
196061377 196186859
38904532 39049932
60945912 61199168
53414574 53540834
40747419 42938622
78188212 78308181
104862871 105001012
99679189 99798635
127337914 127501325
111128115 111234904
139239588 139437288
40639619 40773580
123985207 124097448
153333448 153474012
79559111 79691273
28523625 28647050
38528566 38660505
59813578 59925631
104972335 105116032
127994428 128096886
128711503 128791993
77998995 78118936
25449698 25631898
57907185 58010813
86950032 87093962
60513656 60656447
32894625 33026196
29553805 29706425
99158896 99291859
116756552 116936980
110167126 110311952
109550778 109647468
33792888 33940786
45900040 46050797
72061336 72209733
81391491 81542932
85650055 85773869
94043711 94143930
53627035 53754543
70881894 70993014
90564965 90662103
55420840 55550845
34179830 34282299
35368258 35493401
34429634 34582559
70096018 70214674
95209400 95343998
94699839 94816812
37304083 37440263
73831844 73946787
73597635 73703738
77273499 77408463
64097561 64195633
24402113 24524653
24811979 24959424
41158664 41307079
60009965 60164549
78250291 78353931
23900626 24025824
42136634 42261101
53626107 53739633
41343738 41464501
73527326 73634150
44095114 44217600
30040305 30162404
30860523 31141617
82803360 82953655
84535109 84654554
67890000 68017074
45428673 45548061
41623469 41728910
50012431 50121518
70935941 71045112
57876844 58001566
40818107 40926257
27933503 28087034
101783052 101902193
81308003 81437946
121162228 121310381
59093758 59229449
59482616 59591371
64850772 64964559
69011089 69110627
76825664 76944452
60448399 60558833
24660247 24820884
33432774 34038308
95142238 95251363
110108874 110257848
84861474 84959244
90294063 90381166
108299080 108415140
110703493 110800160
132261578 132353147
107468511 107577285
127000590 127132324
103868988 103969393
149219715 149351676
163194428 163334074
160678290 163603502
105501637 105652676
127702734 127870675
109620150 109751395
111697923 111790142
128625415 128738484
