287958839 288262276
423297978 423807494
424465004 424603548
88559214 88738054
37246726 37653032
111695346 111849684
124373596 124571822
123412529 123568304
134084852 134223420
32792355 33002657
93845381 93983696
137931043 138099739
162443644 162586963
168057424 168275723
117903856 118131430
48849615 49106529
61752472 61908985
74769571 74904905
57364839 57532882
62017653 62138114
27876430 28081510
55391220 55587361
72210263 72335391
80290053 80470457
71381312 71517901
26410616 26602472
30239619 30459321
59601562 59765990
79186243 79345559
89919194 90081673
50768709 50911825
22527025 22749354
25939295 26102982
31374237 31593319
63585584 63884951
74424966 74558333
83132228 83306949
87213118 87360100
26503456 26653442
34073496 34297535
28335928 28510340
60667672 60866360
87629063 87741328
87650252 87803158
25345096 25527940
29958938 30158403
70883218 71146570
71857295 71975094
67464067 67656239
43763282 43942872
33940715 34156069
34848971 35031020
30230559 30423034
45359122 45516681
34599189 34739835
25768614 25994123
33225779 33446762
31123441 31333587
49533798 49701677
42989294 43135177
39813028 40041400
32892351 33050841
28159421 28349494
49358549 49539139
38551113 38716915
32282518 32517942
32649877 32889881
22547100 22711557
28503630 28682689
26408284 26560512
33195376 33437976
33468439 33690284
46461385 46606788
55185303 55415671
47589288 47809046
37067444 37252266
100320838 100536086
119857799 120063933
109615360 109862111
79724281 79901781
64255703 64428289
52043691 52350094
104501188 104692777
146784532 147013896
200129870 200358575
128434246 128640136
129419675 129628795
65862926 66024767
30586366 30854827
28366222 28550513
31542396 31738572
29758715 29936995
28590596 28751795
33308095 33468707
65740256 65956478
71971219 72102836
26696675 26850420
29930696 30162183
27492351 27684748
50678493 50823689
48770950 48893276
33391566 33610988
27504301 27669441
60294309 60475662
56031573 56152392
30347599 30529217
29587724 29800622
44832649 45055330
29770273 29950885
29825716 30028563
32175134 32355071
23209151 23694366
27324432 27475689
27945416 28122865
43981517 44136716
28165034 28326033
32599563 32799133
27703902 27884796
45727585 45931941
44072039 44223037
30578783 30723254
30178538 30416413
26741018 26960447
47078843 47304341
45367155 45522733
49946888 50176245
63465208 63601306
53273513 53470109
43199582 43363059
32474795 32704739
25614493 25774961
43042029 43263201
31501658 31691813
30104715 30312721
35498608 35703144
51324949 51464712
55653510 55873770
24890128 25082568
32531924 32769846
34196416 34432909
30540911 30743405
33692887 33886032
30524312 30693623
46702475 46955671
33481066 33701439
36565884 36789262
32555738 32750243
57704885 57873005
67195399 67466825
27242127 27408989
30619571 30778657
33137639 33350991
44205222 44456624
62509574 62773817
72587107 72718363
27850808 28036329
28313372 28575742
74336783 74509507
68979475 69134517
33802726 33953319
22491361 22707698
35876860 36040770
54443395 54636569
46243861 46371406
32642248 32880416
23362395 23542972
51922720 52060650
61113321 61282835
38801048 39031708
31492343 31667480
47963085 48189808
44633443 44764561
21237383 21424757
25339419 25483172
61128612 61325585
64305126 64520734
44232904 44387076
51061059 51203471
27323577 27813827
43323348 43472472
45504941 45657162
25123582 25265379
74244809 74387631
77160492 77274780
101055022 101291320
74576724 74707729
94775845 94886847
97911967 98095020
98213182 98342048
119324358 119457071
125359280 125510953
142609354 142824104
130403963 130519403
27813045 28023000
36519388 36661951
34843063 34961326
56933772 57071768
26554851 26747734
37195942 37367934
53963586 54134552
39272166 39392855
21431874 21616334
48236883 48472449
32290802 32475485
27176884 27386960
24425406 24661580
27071602 27275181
29083235 29294409
22365927 22549002
21916761 22055702
57689406 57877513
62693887 62893629
57634623 57818507
61122466 61236953
24529279 24761813
62535414 62710774
70040425 70202172
49142764 49291065
21253176 21445774
59874884 60063812
69310978 69472503
45251356 45425633
26919791 27088958
26590051 26801929
30340955 30492897
26437778 26584787
41881390 42080836
29923506 30122356
36401042 36577017
37120684 37293783
26685540 26871862
26968894 27230213
45808473 46031863
54447359 54551327
19556959 19747174
28739103 28956534
34858436 35121685
51036621 51226889
46261904 46424575
25874703 26062658
32602383 32807439
73060973 73203668
67592986 67725201
82748900 82954459
31330392 31549825
72099309 72239168
84922206 85108106
79841325 79955659
22323966 22490912
73122218 73358267
68278885 68455709
62488045 62618684
27177456 27364343
46162405 46353530
89400679 89615916
88847403 93214663
80505601 80653054
26860674 27055221
33815274 33998849
43574998 43745945
47974051 48121822
30088211 30311757
31855298 32062558
30503637 30707540
34232122 34374225
32266904 32436190
54216117 54451514
68027024 68166197
58519220 58673535
28458666 28609026
28740808 28934397
50595572 50720471
54613438 54764069
27033076 27160827
28466175 28690910
28174919 28311768
56580301 56746584
58775871 58882750
29045101 29234567
24165368 24296212
63618659 63763327
61444794 61573985
29583841 29783144
28877451 29010422
55529154 55660652
59564367 59762692
27421783 27588810
28032285 28252900
54157130 54378167
56341636 56449828
81875034 82016850
108336018 108521274
106780827 106924223
78988102 79119521
27288503 27515997
25352034 25554217
57240497 57394106
64924473 65029657
21658414 21851359
27405678 27571212
68051460 68258250
53133770 53257771
27366234 27602986
29519211 29710821
25829102 26034909
25618400 25780312
32793061 33003891
27025284 27281296
34814092 35023656
24462101 24643970
44365896 44536666
33800198 33988979
35170966 35411035
22358683 22553309
39684093 39836809
52614307 52776788
49317651 49521407
50550294 50686002
48775984 48997102
54353306 54453029
45386499 45560545
56007988 56177923
61833084 61965472
82949951 83119543
45853398 45994019
44632336 44766113
58820151 59019984
51271935 51404057
37786227 37965624
34605026 34745230
72484761 72611431
75009842 75191958
45817423 45986267
34698109 34829196
53065176 53249506
44626134 44748806
45488913 45629003
25205176 25341605
77822084 78035284
59301789 59425245
82778450 82890335
51125921 51400078
49634642 49828074
53300297 53403807
22244886 22406018
21768929 21981125
49139783 49345270
61903708 62009891
25513765 25718457
22230952 22413046
48175198 48377274
53931738 54053890
36581995 36728696
32483608 32619530
47611185 47776131
30750398 30905227
26816264 26972009
32232169 32370465
22814548 23016355
30142613 30309017
28338190 28534775
33677548 33836370
26108773 26321496
19345192 19494257
53001930 53209712
44091839 44244359
27176203 27396110
45389281 45583498
46012797 46166022
48205743 48373128
82591133 82804269
46176621 46328491
22657105 22855101
24272702 24494869
37446882 37740640
49187247 49348391
51702437 51833620
42152283 42305355
27663382 27919049
29725226 29867769
31040064 31208333
25640306 25808523
29400449 29612517
26571838 26768541
26288914 26431248
23490374 23696830
37280673 37414456
33408430 33550547
46661356 46876640
43527313 43660418
18885400 19116805
32196517 32391672
41732434 41845393
49164504 49332373
36483317 36630476
42883933 43050398
53274689 53406579
50115139 50238787
65445728 65597596
21194492 21399554
32051192 32229044
29688508 29823311
40083985 40262352
40726509 40839759
60741856 60863888
62092050 62264103
24919943 25051943
34277622 34425634
21750652 21912590
54307556 54439852
58468284 58657949
76374264 76554961
83086548 83203060
58082688 58198645
55112881 55238207
64639300 64820277
23157526 23367541
36558594 36769054
35796422 35913537
36982521 37097294
76184546 76422806
46730242 46893034
47853428 48016828
54560019 54723782
26646490 26846336
38443310 38580939
30887416 31030666
34771807 34912968
39291184 39411968
66598981 66794451
120083226 120242181
105082711 105218091
72411509 72563355
78909812 79074084
34899990 35122683
26130549 26272892
20377826 20635709
50811764 50944237
58948975 59082622
24291845 24470300
33984511 34203211
51055237 51255126
67537486 67693550
88144445 88252661
96448617 96643991
23555830 23719899
46345291 46551130
61745954 61894855
72868975 73041774
76935113 77067582
21849710 21993914
26308690 26572530
61949743 62132792
74698358 74823802
55453878 55613576
49990599 50112607
32473025 32696125
26505640 26719677
73913774 74068763
80388516 80528868
48492786 48686815
37853174 38056208
25470897 25670964
46980408 47220497
52507474 52640792
42576243 42779267
36446995 36622648
33817616 34022790
27836462 28117048
47189307 47371702
50498323 50641795
21147758 21354420
31716165 31891316
29902675 30119294
37266985 37458731
28999445 29201099
53954649 54152333
68387304 68500223
26229755 26464444
41818465 41950891
48000886 48188104
23840224 24072792
61385173 61606700
46575178 46716800
52112522 52251622
84546719 84765775
34440464 34596296
54690952 54922896
52937209 53076420
79190952 79460722
80310384 80521744
67968057 68159894
39732295 39970612
46625212 46767945
25285762 25465473
35612113 35824172
32615269 32823283
75713191 75853379
76800657 77017413
58212962 58402022
55499601 55691062
49814569 49927973
51998261 52241090
76976433 77119480
70685729 70823617
66128893 66239577
89876126 90024444
41975961 42205722
49703790 49843567
48343045 48474297
53827876 53955037
26653881 26820596
68318838 68514534
72928003 73071023
66495809 66612825
27190212 27338584
33783474 33982007
44251272 44394424
44689842 44823001
35122238 35262888
26298002 26435831
31984790 32155421
83327484 83554910
99239991 99392314
91373772 91558250
89867986 90027711
26606895 26790511
74460302 74650334
78044644 78162445
104525123 104639267
105163200 105307534
42163775 42308051
97610758 97725248
115223489 115418880
109479775 109645598
117522451 117663116
97609839 97747684
121609959 121843432
142468534 142673990
132146941 132275622
147304798 147440162
134557937 134674684
26385428 26602042
101999477 102155633
112524981 112748977
119049140 119160270
99104213 99255602
28260946 28420138
72508365 72655590
106508923 106742860
73740787 73913679
104169026 104295563
126536617 126663526
36973882 37198893
71131367 71326437
66528622 66642862
75871689 75998190
58362195 58478468
33370464 33633012
42453955 42664376
50957100 51098442
50013735 50210443
53608722 53728932
22708645 22930393
38050518 38259210
23990198 24142750
27557551 27723339
35916469 36110249
31699436 31876616
37360590 37569559
32087711 32276550
20530939 20690703
48504786 48701371
46090126 46230329
69730297 69979433
53760527 53897800
59545370 59673456
60110275 60276804
75792843 75912015
32561117 32772193
32603220 32823224
31493391 31723355
31611665 31783265
38129117 38277618
37467105 37606620
28160252 28312289
29178353 29356100
30578033 30740756
33326336 33483980
33469375 33603321
29921162 30077203
34564231 34758829
32056189 32202339
27448834 27668009
56667915 56832294
46731231 46864551
34368474 34582064
37569686 37763852
26681375 26839569
42214788 42346900
48547684 48717668
19113498 19260692
22241577 22433204
29088110 29265845
25511157 25711972
23912170 24082343
26982061 27164329
49988084 50142386
35293385 35474964
23948430 24239692
34582801 34722232
31867813 32057963
21754263 21910209
27493581 27671021
32771402 32990528
39470347 39635802
51968939 52125652
26531080 26738801
28271084 28409211
27810252 28010109
55817818 55965623
64187531 64376120
34226644 34431813
31243634 31420940
33658906 33842614
22191370 22337537
27395938 27559630
25152653 25300004
44663684 44868669
24827993 25010586
36182210 36375207
28179442 28327733
22544351 22709765
40341217 40544512
40028090 40223927
30400751 30613846
45555757 45729028
44284903 44473727
18946153 19093218
24458242 24620654
20322989 20530899
20610214 20807790
26648220 26809214
22729267 22879369
36509341 36655799
43462302 43660497
39487179 39620466
20060816 20204325
26410796 26543671
29907141 30044024
55297969 55501533
46848752 46975913
74242752 74435387
71830294 71935521
77646576 77778390
45491829 45647663
60035670 60267121
44771419 44988529
38562501 38681102
20784300 20945887
50479212 50667592
62560638 62687332
49959104 50111835
51491553 51618183
24348694 24477447
54040098 54315252
41619994 41740670
24400815 24567985
42441287 42572310
65981596 66147671
52505776 52675178
42431038 42552316
26164373 26403843
50834248 50957217
58451131 58608739
47925182 48054020
35501169 35631955
32139378 32314877
49316065 49496411
44036148 44185687
48399340 48521364
61290990 61436930
28068255 28256467
23101857 23259041
29424705 29585018
37168909 37308501
28560077 28733030
21079115 21260953
28868263 29049348
31876285 32068801
55921862 56055771
73387002 73624911
54360323 54475052
40979217 41104975
65881636 66047301
58361629 58494901
78813191 78946421
101121274 101277843
36224247 36349356
61343347 61505621
54607383 54816795
52830491 52944593
29786397 29930063
29552179 29679874
26598741 26733728
49941953 50119638
33500646 33647358
29262544 29399808
52640351 52789203
62191064 62323781
28857134 29068938
35238537 35388085
61924802 62048083
71922046 72069954
63011187 63127272
34651750 34853408
40622430 40774213
27205965 27368383
34004783 34173269
35846366 35998490
51912782 52035895
72236723 72415063
69528419 69672481
83629737 83760759
84953486 85123562
50628474 50830586
47899912 48036101
34418538 34607144
39781298 39933687
41450226 41597533
53117154 53309321
56525701 56664074
62334761 62466388
29382624 29565344
49108714 49305767
47279023 47401979
52628190 52765041
44554757 44680043
48861150 48995973
60707077 60839511
75597258 75802945
68262098 68465195
112800683 112968127
66704228 66839302
43877467 44096380
77765002 77873611
50991955 51133608
66605474 66771146
67695637 67802037
23568060 23808680
34612636 34825767
84743676 84918506
83135314 83242034
88435623 88556691
31561978 31770358
32337476 32535095
33249578 33451003
59301857 59473232
57928179 58057173
32195973 32434440
21728025 21897773
57097371 57287508
79080312 79306621
66738958 66933553
23590645 23810670
30956348 31119490
78704379 78931940
49759913 49874679
61312165 61488529
50879873 51059713
57454979 57645470
50516616 50741712
71410318 71618845
59898073 60071269
55930298 56135990
53116079 53257808
28764455 28995552
25845936 25983279
23910991 24071397
46731258 46849272
59089654 59247841
38432368 38630072
31319921 31442130
39130620 39356856
49828014 49966891
52074299 52182096
68980943 69110043
77795313 77971649
53135782 53260445
62076871 62273907
65917617 66031134
22258564 22397128
41668356 41826734
36279871 36397751
57356447 57506158
73502673 73697636
64779346 64927439
47421549 47554650
41223610 41355287
88672579 88872782
105092062 105205904
106486373 106597557
33948189 34083256
20509346 20686311
57890430 58047802
65075924 65198283
54224656 54369647
39568808 39701284
28611460 28829950
29525098 29694524
25653323 25796387
67448566 67604975
52762352 52889240
20744588 20889184
55281958 55479477
50029237 50186829
47467285 47650332
39385847 39528241
29233249 29453378
58305987 58492238
48853360 48978356
34057067 34205701
36733147 36855987
30484408 30661880
29547842 29722912
31919564 32085343
40251526 40387578
34949354 35083969
31557165 31744514
28698363 28844559
35900813 36034276
38302282 38438843
22720763 22865528
28050896 28264753
64376607 64520263
66756276 66938254
24936044 25127483
33691705 33915249
34457451 34670780
37711113 37851905
28387151 28509393
28203037 28352808
42655785 42866927
38266601 38398196
22024689 22162624
52047118 52174816
57133455 57256168
42793353 42952945
50325486 50448437
23399014 23527063
35185206 35330761
22825604 22958680
26361634 26518071
48029226 48167074
41927730 42052122
51912061 52109789
45387959 45512808
26616450 26798147
56474047 56620246
57636166 57752489
27089870 27281275
30867286 31137550
26298911 26445178
39919981 40098570
36642541 36785263
32089852 32277467
51621990 51783259
45733768 45887824
50551131 50745207
39578654 39733262
82231198 82359072
94425604 94662015
95684122 95800299
46615716 46742627
55620011 55794430
66691455 66908889
75502796 75651439
71289960 71408097
54619653 54761828
48498717 48631408
34112332 34298856
81465432 81591542
101610251 101785584
66876823 66996651
81394013 81504591
27178469 27358502
90460158 90694635
81274161 81393044
83451035 83577392
97374819 97496794
19366121 19512332
107824303 107983987
117374202 117618397
124306640 124444941
67604342 67759714
153667590 153771432
76218854 76394782
126637038 126772168
135929833 136066527
95707486 95848843
137860633 138001002
23207634 23424863
72390419 72594152
88037436 88159249
108000668 108151651
103928071 104046531
30020311 30178835
25499679 25719950
65362916 65519487
70978420 71149643
82088410 82200848
30796981 30948282
31141164 31361179
42485264 42669836
65241046 65377441
71664231 71823652
75768063 75880899
26060595 26261610
31041904 31222606
75641927 75828970
63998629 64119210
78348271 78462916
26320655 26472477
28715368 28925585
61631507 61776685
70775912 70957404
74775607 74888498
41991952 42171596
38604763 38765027
78313397 78526195
84911228 85051043
124119705 124253653
81573317 81768218
52698713 52840313
40018719 40294393
55343614 55554468
69534775 69736453
59209241 59413737
75866798 76022726
30929419 31115760
38475993 38631159
37255215 37394347
47010651 47135508
53423277 53559797
36964695 37153308
33488678 33685825
31163967 31305142
42588830 42707790
55089126 55244715
31013171 31174984
26041195 26202714
24800197 24944935
25743337 25921455
34361042 34524842
25773809 25927658
30935311 31068745
32002147 32195689
26763519 26929603
56413611 56614180
42146853 42290570
32296297 32438286
29208459 29384753
37257065 37465371
28735192 28911563
29235212 29408824
107716515 107936965
93633051 93747245
124586084 124704411
62839724 62977489
98459915 98595693
24774843 24978547
78329695 78520354
94886335 95037599
75353161 75475859
88751586 88887010
22878610 23052969
51207294 51395581
66297771 66458496
65608063 65751900
51410758 51552360
31914497 32060601
64506088 64687568
57658470 57828541
76044236 76180961
46391997 46516527
25292869 25444252
28501941 28718162
48519638 48672558
61330945 61454893
42808917 42921912
59948953 60153315
25404170 25634828
21473455 21646647
74914669 75075117
82230394 82369636
65165816 65350462
32093566 32301635
84789002 85003510
101432119 101647859
106668077 106785256
101726521 101844160
36544377 36712411
30322073 30539734
75974949 76126491
78886355 79021348
70066433 70189233
74516198 74700592
25258126 25462433
88751003 88906880
109754308 109950541
103986756 104088472
106341188 106505705
30937371 31162002
25038369 25261415
37569653 37739837
51013622 51211776
74159981 74293402
52219684 52391973
44618019 44842137
85233605 85424639
91595301 91799035
64413055 64567515
37383135 37614973
26997531 27231945
86499109 86737063
82797580 82936863
83201164 83330757
106196409 106389144
22625028 22842797
46813997 47036624
45640878 45765223
53445732 53652715
90161383 90323421
112883915 113017732
102670449 102863094
110549839 110668508
30086725 30324456
68451887 68611871
81402174 81519235
57719309 57882868
56720579 56848203
31386775 31583046
32249224 32435401
62328902 62454823
64630443 64745421
59513386 59625748
28728465 28888165
26945535 27148586
62368430 62516244
83529726 83686597
92924762 93046546
36104856 36251849
30718594 30918322
82987852 83178335
109288134 109414546
84753429 84943101
89606593 89707664
28310355 28460215
72024632 72153195
76936342 77172158
58473958 58612170
39643238 39807763
46353368 46488570
25154907 25353096
31845761 32011078
65491839 65649506
65712581 65857648
59889223 60002306
28137701 28302980
27397861 27566961
18719689 18847326
32276410 32440096
20336323 20498550
36930359 37094483
52812643 52971898
57543359 57681521
54134535 54273236
40196421 40306736
34710953 34850288
43288467 43439435
39768142 39885422
36163525 36302019
48136757 48253807
22407124 22637610
31678349 31838801
34733700 34869745
20399478 20555659
49485292 49618422
40322056 40445973
47580211 47737284
40011445 40144510
30596969 30770688
38457883 38615187
53100035 53288317
29441761 29597948
24916978 25083707
27558534 27748004
28838801 29052814
79105007 79266726
58121813 58251382
51521980 51692947
35358250 35581927
88036508 88244508
82692063 82820519
70249358 70378995
33162690 33359509
30917033 31082731
74985296 75123723
83313222 83499089
90813143 90984576
71921894 72080604
38197860 38378675
110382656 110543356
136168162 136347834
130669714 130819018
103820012 103996485
88209171 88386471
114961523 115197884
107677669 107788414
125541117 125640229
102476506 102593709
117533367 117686894
113516346 113656382
137680126 137886253
132103897 132237504
95314985 95472441
136572661 136718933
23595921 23796346
51395854 51551391
76221072 76375156
81341346 81448365
91378829 91499576
22964263 23159212
32040343 32253328
103167183 103380675
94782862 94902354
112129851 112243806
149254107 149360946
62167728 62332506
125854821 126068822
128509224 128612269
92419631 92564845
126440166 126570157
93965869 94086822
66656688 66849111
139220330 139579571
150807969 150923531
166760678 166889276
139756809 139894414
38053911 38239561
37067718 37190201
52770471 52931725
49719751 49850841
57908137 58020664
29637377 29839852
46207013 46394506
39686675 39802530
38507971 38647708
31038463 31173754
31084101 31260644
27603659 27797051
44548853 44697748
45813939 45969448
22106420 22267206
33326017 33555180
32872796 33086945
26146910 26274602
27567654 27758118
28167432 28353271
35017645 35160524
31225567 31353915
32575875 32748949
29932980 30069281
27092996 27283304
42451587 42645628
33501606 33665428
22726492 22855996
27270109 27436069
17955419 18078811
20460152 20637215
31922084 32086680
20216913 20354068
42253527 42446273
28138973 28273362
20845967 21041919
25523282 25691756
27903072 28039983
33586307 33788507
33781824 33909658
21954107 22071845
21868924 22040052
35094386 35247399
47631679 47862666
115758066 115932324
110032947 110180276
133809479 133984214
85911595 86063111
60567964 60758005
173996614 174137961
195952329 196087663
260964213 261199503
187961236 188158116
47668864 47875452
53416380 53623289
63751752 64092813
47679855 47810421
43138997 43298733
43502780 43640732
28993606 29143089
52616092 52734316
63661057 63858203
29158797 29278064
19902779 20100577
26349885 26500549
54804762 54969392
80228696 80340442
60432662 60558446
40963321 41093213
27882023 28028271
32250607 32457173
27313723 27448151
55354156 55494611
50972226 51097885
27962567 28099474
49915732 50122500
47606451 47749763
46818717 46966228
54368588 54525901
42850235 42970529
28765530 28960265
30338141 30490127
53447594 53646293
46986415 47126920
84518984 84666057
26444374 26577495
25815499 25957149
35649156 35802373
47657917 47812580
33591236 33706597
27652536 27794353
24970219 25103053
23415763 23594217
76612984 76736542
87315972 87448943
74217815 74343058
73946819 74066105
26607290 26765105
54722282 54942678
88382217 88542609
96162332 96271029
88412134 88526550
62273324 62393447
45753791 45953875
85055928 85179101
108840727 108985245
87036328 87176229
94734983 94840134
22790066 22984572
66597917 66816825
78500161 78626989
71426407 71556355
59086477 59194686
35713217 35899036
86311983 86486982
99981000 100088314
70471812 70567978
73356147 73504296
27631174 27772809
75463481 75582340
108391850 108550662
123724585 123925430
121136705 121245855
58140258 58285794
115456484 115714408
92040670 92155578
123898859 124011409
114353014 114458120
126010151 126125624
45154567 45270430
77927880 78122807
62722186 62820485
59926179 60030615
82591563 82738477
51027769 51205006
115710057 115871358
70466165 70580114
100260165 100399373
100682149 100833736
18982687 19184414
27814853 27967210
60788885 60915292
77167050 77291429
81626325 81781552
27577286 27739104
24675115 24871742
62038824 62151564
69027063 69195018
79731718 79857193
27060995 27195907
28397009 28550660
78255088 78448361
82581739 82692932
52950893 53085292
99278428 99384833
23850607 24037313
51608713 51782535
62781213 62899877
27396026 27587473
35734990 35923904
62449520 62592211
49309038 49443207
45360010 45478278
27245757 27422860
30852721 31064955
89925834 90077840
113460600 113619308
95576255 95706345
136196705 136322904
24176891 24369893
30020896 30221287
178329795 178596644
380648342 380852568
426369276 426914834
33924780 34149335
119553530 119797526
138064744 138223673
152187675 152326595
156024446 156152968
121926465 122092881
117692903 117974087
133362158 133858717
126900080 127035885
136873036 137440454
124522199 124664514
27600213 27872394
97652299 97834230
105342470 105487273
66416969 66605837
119244219 119432570
22050855 22288252
28348230 28616403
75796681 75959305
90927085 91134999
86093233 86244655
26988977 27218716
45982670 46234071
92232331 92450115
79743378 79875211
95407745 95560802
45255034 45467736
30680544 30893217
43818454 44056662
35147365 35296941
45182073 45419123
132333119 132485761
144894202 145106793
116611286 116802695
160132673 160271674
32468961 32713643
49599329 49800751
48476931 48623942
58098214 58245877
60147771 60331608
25883688 26121897
77736581 77975428
53101632 53250601
52124788 52312480
51702037 51853465
29239214 29411819
48524013 48747256
32678478 32855303
62541620 62701476
53100290 53309534
97437471 97611408
47976970 48209352
49366127 49497542
32639482 32867289
50269728 50465351
53930826 54338290
48696427 48915306
44908465 45048609
83455457 83633630
63759722 63971015
56275456 56482434
60432437 60682782
63646040 63804274
52188526 52483460
49374691 49515165
24895984 25066817
25610024 25832022
28446394 28626883
77994508 78218765
82841709 82980372
90328909 90502673
30997108 31178655
29210532 29394217
39989527 40174742
32318298 32529507
53136214 53283101
40386084 40522013
27378060 27632151
33624540 33805744
38910213 39062451
49560593 49721711
31934049 32131205
36975374 37160556
32381157 32556460
43148396 43399092
27442552 27602417
68547359 68677054
81423570 81636311
67560449 67753075
70173615 70352644
60729421 60972625
91265401 91400186
104488052 104695987
40489515 42169657
43790953 44013649
56752093 56950328
60230514 60404015
43871010 44057270
36965890 37221074
83061343 83247780
78149015 78307236
60554445 60713957
25527932 25795601
25914125 26156646
23620574 23772312
32189927 32392158
24165993 24429188
31281711 31464002
38805485 39025417
43331423 43477580
27671399 27885298
21523296 21709170
31558197 31852069
28605120 28837188
23072488 23234113
31608464 31838747
29871656 30059051
28268929 28468818
35565565 35832748
40032453 40318920
24780436 25098537
30736026 30942078
26318216 26486110
25284766 25501221
21878867 22020986
27161542 27382220
33665679 33838211
23683409 23911189
27025378 27195770
47774216 47964065
30511871 30732162
29099710 29357732
21185495 21350921
30472070 30649371
31846423 32040125
34034989 34252684
25134489 25289849
21750934 21935580
26697917 26869364
25755794 25983024
53197110 53355776
60440033 60646604
60837921 60976290
26406452 26588524
30583556 30805014
22855610 23069827
25005176 25167068
33073403 33249693
77753206 77917787
99593637 99826415
70973853 71153378
27687816 27907492
29038992 29265772
36954450 37125799
32666792 32856341
22764435 22922351
37322856 37561697
33369931 33537754
42965162 43146043
45799621 45947766
33488432 33720502
28300573 28534912
51769436 51889968
52769518 52952173
32281853 32476753
23711531 23870884
49262222 49414885
60601825 60833334
26145351 26326070
26394144 26561814
52472422 52691981
70312905 70461857
38513258 38679204
21146428 21318757
28709492 28922886
34664243 34882053
46420427 46612855
32201788 32362156
78099533 78257516
71285676 71413307
82218372 82394521
98171453 98409350
61328002 61472849
81358144 81470025
83265168 83470159
46050825 46210376
96007555 96250747
129684734 129837817
114984315 115136399
135050351 135167735
83052142 83215011
100984311 101208856
72524191 72665233
92316540 92452783
19369105 19581942
76652556 76816350
94284313 94416536
78530342 78657911
38753661 38998855
97640397 97830151
74499799 74638115
95907085 96028037
24025712 24243743
30265449 30451534
40802892 41006186
40911640 41039288
35213852 35447297
22487891 22696642
44231854 44428937
36862923 36992841
50582621 50777781
30842161 31029406
32852660 33011589
26172329 26310246
32881188 33097757
22047853 22209133
26294064 26509063
24632014 24795922
31248075 31521381
25810919 25978414
40325316 40556690
27850436 28050697
26352254 26575193
21486648 21649160
49548646 49767583
43725742 43905170
32427613 32605698
27621164 27803315
68836251 68986358
79448657 79700559
53986814 54194875
21315284 21478458
29423509 29632652
86833896 87033774
80438037 80630622
60323698 60798783
20024212 20239030
33406970 33646398
55752588 55900078
57514348 57730840
26802475 26996640
30566543 30766564
62960845 63078411
72137466 72379618
28322754 28503476
34931234 35137446
70046796 70274232
59152580 59279425
53313571 53490001
25484213 25653884
26667927 26893499
63052441 63192574
72629592 72776062
50068144 50249409
34392883 34622959
59508173 59709957
56040686 56165888
31662793 31888382
26974826 27151341
49084505 49276936
52931620 53060905
26788501 26948034
31618951 31836887
44226183 44379710
56846222 57053274
31815242 31991005
30216868 30375303
67140458 67273012
84453951 84664972
54111697 54554417
22564784 22724498
56994694 57204783
56726316 57151116
82723703 83135496
30055626 30199583
26181606 26382891
80650785 80811448
81895600 82085543
57239667 57395269
27262179 27474808
52022541 52262571
50826063 50984209
52507716 52749517
21062656 21278314
31358576 31574211
29764838 29973758
21290356 21505253
49463210 49677437
65965230 66137180
56672615 56893916
21507267 21720471
33568546 33779552
57771361 58002653
56192121 56340323
29526781 29725055
30937852 31174230
27162200 27371259
47546299 47723834
57005699 57176481
30601087 30832123
33879957 34103569
55141902 55342833
42096270 42251703
34536080 34745608
23325565 23547939
33558231 33864044
32044383 32243925
25758433 25984030
30897728 31104948
23261538 23472382
33021513 33213961
28600268 28768634
26791419 27005478
46151857 46398664
38206215 38338378
55022612 55240106
59111864 59229939
30002717 30264093
23064948 23222661
48907836 49043648
59824714 60030239
55933907 56132597
54863886 54995032
54883613 55120411
47168422 47403037
30698979 30886169
36719592 36883687
50984034 51119072
58321983 58516071
27920611 28385237
26464445 26639705
43288742 43503961
31343808 31505637
33851531 34000941
26856583 27008477
69313403 69536706
54331373 54505862
75882686 75984122
56460852 56594019
74941407 75796384
82254988 82398479
40301540 40454879
57357947 57573689
58385490 58501826
32928731 33168124
45461189 45661560
34488228 34713312
29112408 29260803
23611818 23822825
25071511 25883301
50478080 50702137
62257609 62393932
29616732 29778211
32160314 32324820
32182853 32397704
34187666 34371649
40987999 41190946
45346170 45514109
25585428 25793633
25810900 26639606
41048068 41250444
41695198 41826945
34231076 34462255
45782399 46021663
42828205 43037601
39801479 40054512
30548871 30791680
32705616 32848162
37900042 38051796
29579898 30098073
26094654 26300873
27447823 27664423
23737928 23933218
31249084 31468317
21059964 21221587
26539027 26773068
27650052 28957400
22908203 23068548
43783002 43985871
40719356 41218814
23573430 23734653
26489985 26672435
29189981 29425872
21708342 21874923
42036093 42452911
48790719 48982204
29193428 29411736
53782648 53933959
60111936 60300305
63014442 63137576
80929548 81133245
23945889 24127232
29480801 29694432
27497037 27919582
20458117 20598673
31416362 31580124
22477965 22651598
26898957 27078740
37583081 37822177
62007790 62202491
65426429 65548802
50954044 51192486
50527279 50679950
44476662 44663217
48053039 48209549
43515991 43638783
48707951 48920968
40040664 40244121
39308164 39530033
43444639 43576412
75673807 75909393
71918931 72040300
63805624 63931464
55239247 55387459
61682195 61886620
66291540 66531126
71558782 71700560
57158088 57270634
41875576 42045995
40181218 40310954
24035960 24220772
42945706 43075387
61009077 61207964
46887632 47050489
53496845 53615682
25207054 25401814
38716337 38920225
35836529 36004198
60768720 60926309
62273343 62462252
39823912 39982770
24650546 24835995
44946248 45171990
65392127 65521684
84440639 84660910
60288382 60412524
28939845 29138505
27674171 27838795
68171237 68309370
70861352 70990317
74485432 74711076
31032822 31236969
26554996 26720127
55528397 55745512
51166896 51308062
66740348 66874521
34272891 34435098
29302926 29460720
104969508 105127433
115748429 115994549
106361614 106511789
78670210 78823567
98513559 98667032
29821000 30033886
82257090 82404826
120816147 121018013
88190354 95643760
138828860 138953353
26413001 26592246
50633596 50758204
110912729 111104775
120771970 120958542
109388250 109540838
64332773 64504373
44785743 44970950
33498989 33645738
27282128 27424257
52999218 53224428
54901459 55007600
60149157 60367088
60586869 60705090
21300304 21432553
27673860 27865551
24948031 25110371
29318048 29516672
32830120 33050638
43410837 43583785
44719877 44852629
55691257 55892728
53496456 53610117
41129816 41284230
64712602 64905619
54268575 54413875
69242743 69384596
73409291 73592874
72500077 72652700
31891000 32035903
27887037 28021393
39131646 39343595
44099311 44260626
35442103 35612592
57823546 58028666
36326486 36511906
89972834 90184650
87118946 87257373
140345934 140481635
55210020 55605099
50260281 50420628
87651945 87771959
90485218 90669241
116398476 116538685
99732878 99910541
102954499 103062495
32974945 33163546
33877697 34039591
44865084 45014601
57172524 57282674
25115134 25299121
81032437 81244768
92089480 92265001
97190446 97300847
140002186 140119471
37374860 37504674
49064907 49259685
33596195 33739481
20240941 20389348
28367527 28526619
28098808 28221105
68627330 68760950
113347756 113574555
103629375 103766032
78973294 79113307
101772594 101964618
104303322 104547389
97498272 97629767
101943464 102069778
87708233 87841643
91719735 91838344
23632215 23878246
95579805 95715902
100620267 100734898
108168737 108312504
96962581 97079314
32859554 33070817
81407538 81550790
70973475 71087736
88070511 88247129
107124745 107321952
26911569 27332745
35353208 35563623
104106508 104249155
107196086 107323138
98339441 98765430
123093522 123345934
22201374 22349994
116978989 117203510
114561052 114689755
108244359 108620664
115834873 115979650
83996541 84145459
73265850 73481952
112404247 112538567
123681410 123799992
118331862 118450999
100551345 100669026
59429496 59670922
55585393 55700975
61018327 61531611
76076866 76262406
72187434 72314282
51884767 52100576
58264418 58383067
42309655 42486899
66614330 66827786
63769469 63892892
40178188 40352250
52510285 52696411
23576276 24052137
37314168 37476822
35383092 35569882
21749478 21967747
95970963 96141102
109665908 109985505
66237607 66416807
57630694 57802495
32295913 32561468
48675111 48921739
55608778 55775700
31019149 31254618
58108092 58355536
68196545 68401377
72115228 72290010
43263599 43409871
26280804 26495857
44500739 44701219
52250669 52418558
50635792 50794378
45066986 45214428
31648604 31812065
36034592 36227620
43039409 43238757
39715415 39849761
27362668 27509812
31973022 32147012
26991858 27206502
72166509 72377882
104312186 104433525
117968991 118101262
66418299 66588016
22443502 22635453
33348649 33575564
26878787 27020019
46619510 46779763
43199242 43342280
38383351 38543732
20888451 21114289
26590053 26786468
40564522 40710882
31729398 31879714
25595608 25758731
27655758 27831886
52265721 52429393
60990598 61202842
30171638 30365133
53605528 53741204
59226017 59355072
39475541 39671570
36722602 36940824
54949137 55172846
54794471 54944885
39943464 40112532
27275450 27788739
25381084 25513301
25263801 25431582
39615968 39761319
38923544 39065875
57009906 57219756
77673274 77816037
53166140 53333887
29789387 29935799
25229615 25405176
39299417 40559887
28400730 28565785
24121505 24279070
25838394 25993587
46958182 47093892
35380601 35567933
46403066 46580892
50422881 50616134
39060249 39229845
35084385 35515071
37701543 38432352
44370702 44495878
55239606 55400138
59985514 60116523
28133569 28300498
35937526 36470160
24048641 24185820
32784179 32941590
62538437 62737771
57760339 58171579
26934811 27710783
28471141 28649123
61764740 61913271
63112837 63234131
80649192 80861772
48154958 48616738
38378213 38513815
33963512 34176295
58618462 58790701
47118712 47506712
21886828 22325775
28642750 28789698
90290783 90477127
85470123 85609954
77081782 77206736
41869853 42404879
32409892 32565244
36300064 36576631
51272892 51442773
40369239 40794004
64374366 64820186
36939633 37111841
31408808 31651338
53426352 53625403
64152670 64338202
53917206 54329212
26813449 26965258
37691248 37912013
25535430 25742786
56424395 56840923
65339160 65736159
25325409 25479491
28034171 28205296
25118661 25318638
57776328 57961946
48244694 48445509
51531183 51665030
58808196 59004054
42672813 43774076
56246277 56445287
62580035 62765111
53333332 53454428
71784126 71898956
24268321 24453072
26556565 26691714
50724538 50897690
81138253 82440452
57157919 57534196
85938386 86130766
46743001 46896672
61457676 61693641
81763375 81935055
73963673 74173283
117210374 117380303
47124216 47311461
43227127 43402511
52175065 52355782
32691927 33134483
35858501 36031963
39005777 39126595
41258454 41457826
52313927 52456574
41497181 41619523
24055612 24260412
25253808 25406569
69026559 69304127
75233895 75361859
66108166 66510697
46421614 46543688
57943324 58129154
26935182 27141336
53102340 53326289
53861549 53964089
22251616 22447727
46280988 46496978
46773825 46890919
53500100 53645950
59875947 60039192
77429546 77555103
55607095 55802502
57607080 57733738
42175635 42357160
39374492 39519439
36458614 36613970
39362012 39590824
66229065 66428402
89454134 89620362
79847271 79979730
61857614 61986992
27536364 27778917
34078279 34278946
45163904 45309388
48245127 48378734
54472829 54600971
32612775 32855029
28047368 28238560
28335231 28492362
42238693 42372961
43616086 43734215
26102910 26290302
33576634 33807576
25204126 25398148
28847832 29020379
40692791 40825497
36025939 36150943
25004203 25184365
29463312 29635706
70660052 70807705
65799430 66189643
93269553 93463262
49077699 49239090
35486742 35602870
99356699 99521959
120390031 120562979
123477298 123584336
64177648 64364254
93281181 93481262
24038380 24262635
31243743 31713569
69090400 69266943
59085372 59221012
41273780 41439803
30216661 30469834
39921934 40078612
46147952 46317689
50382863 50506924
33948394 34083533
36145837 36405722
26355081 26824777
57013390 57144517
67521355 67696584
55173705 55292910
25791055 26237398
26785872 26954652
36181157 36393504
59686812 59875428
63307454 63413264
47890866 48069810
49673214 50068823
31902344 32062031
53397377 53521744
67692389 67822883
44392507 45010264
56811441 56978770
27480804 27687470
77121986 77262353
80961311 81207880
84800810 84955737
52836054 53368285
47388958 47529261
30018358 30182440
44466120 44889055
54483768 54623952
25643614 25852869
24466358 24624326
29134497 29324733
41795253 41927165
50867434 51026528
61460521 62027612
56013134 56175786
26990055 27139331
27020408 27496460
27690854 27826025
25664163 25881609
28418261 28605444
26345137 26591039
67031561 67216836
49084788 49219186
29605170 30008833
31162472 31297366
23558914 23734326
59957022 60752234
47198041 47318161
60169181 60301955
26834364 27070215
27065551 27240479
52986388 53159651
57971827 58094369
66231556 66383517
27103382 27249627
26536930 26749651
46475864 46622930
57815169 58425835
30205915 30443987
79217681 79352843
60853218 60983106
92503619 92641694
42026194 42192340
28314044 28525934
23038039 23183021
70038663 70250432
79195697 79326145
54891225 55324100
22876278 23062523
33090148 33243196
27281454 27494152
54585726 54739802
53462436 53578813
43621260 43775125
44736993 44916100
59431308 59560179
102935580 103125938
64015853 64481662
54499585 54665503
70057240 70184957
39065436 39197244
65472977 65660599
39474735 39630980
45460050 45660400
47626502 47747170
31174738 31373844
28210369 28416652
32648820 33067910
47139191 47345535
39020614 39225848
90220689 90534187
92193883 92327407
92664507 92804559
55507110 55661463
60325944 60490969
63447454 63647756
89446516 89594361
92197638 92577096
62975123 63163992
51798301 51927771
28116248 28376642
104952067 105095396
115414538 115597582
82115013 82236964
98524709 98644420
39690590 39902676
47851516 48030702
95526495 95701291
82031095 82197013
83566437 83679311
27875512 28064593
36368699 36597509
91882132 92015057
101882695 102196818
110396239 110581758
51842472 52013585
25765670 25993279
65357710 65581601
98077069 98300767
106125572 106290732
96543739 96715740
43829366 44021348
32902806 33138289
67084557 67276695
94402479 94580369
93795743 93955530
95944310 96058098
27438592 27651067
68915936 69135098
74535508 74696723
84166985 84310727
74501575 74643883
26404669 26569126
41475669 41679946
50001953 50173991
64846517 65038193
68262981 68381459
47901797 48088865
42132427 42287208
55464329 55670023
66389908 66527703
70416903 70596563
64886392 65017022
42016941 42249476
43116657 43283291
51132945 51309372
61573919 61768777
57253035 57463862
66804207 67030746
79512721 79664415
47420061 47608707
60460156 60669685
58960119 59142017
55187415 55379719
39467917 39679427
30891455 31139986
26848367 27057941
27601777 27784692
53656743 53850848
41033919 41208738
32327832 32546978
22595053 22809405
25061273 25225340
40755367 41162988
40391910 40585043
24620633 24843477
28373786 28562041
20980116 21144071
55301220 55444708
62899307 63113233
28805892 29052363
28995102 29167547
25510569 25673124
48422914 48921663
58288259 58403694
37303995 37446373
29751860 29958754
23273915 23435760
50078989 50289811
57935297 58091229
45355605 45543018
55420795 55577218
61412942 61586587
28174665 28662709
29501299 29699866
30618937 30844680
32270961 32496903
61450584 61606122
59325720 59495315
42008891 42172944
25730540 25949276
58286022 58496243
68871932 69043647
59358160 59775914
43115098 43247590
29320384 29458554
31396677 31633836
68229829 68409626
61999357 62130511
56359967 56488287
47888229 48285406
27901620 28103701
68277385 68474262
72044315 72460646
68523008 68640645
76187635 76381760
34140655 34380549
75875756 76114167
82874371 83023082
87384148 87538538
53988778 54441795
20596722 20761170
36919340 37118118
47992924 48175689
71832655 71981389
82114826 82252276
52093747 52313738
92442085 92580065
118100131 118239008
138291284 138466182
126523891 126656212
123285683 123414108
62909627 63104545
109449789 109589373
99266333 99397050
83856707 83976410
106806337 106923484
36154611 36361123
42679771 42883857
85250401 85384400
96149652 96313214
107653805 107817800
22777755 22960352
34372549 34574713
70782092 70931444
72885495 73071872
54806497 54968125
27310689 27448102
27333368 27562072
61875942 62089345
72048039 72201972
65159181 65280758
43661449 43837513
29629372 29842291
31071090 31273456
102157369 102374735
102885665 102983651
114634960 114769707
67422977 67598639
33657191 33897702
22897107 23124691
44798795 45018151
83953843 84105619
87572863 87714643
70903332 71050365
76754013 76927396
22882311 23086413
108867127 108993483
110949576 111070635
124831505 124989315
82013346 82174985
26907336 27408006
43971523 44178286
52963023 53122094
81186975 81342225
63847957 64015767
24544181 24797962
25517255 25728013
66105264 66277292
64546506 64694336
74244264 74387739
25070871 25490346
30666792 30877683
27085250 27293756
63532735 63657056
72281297 72430133
46557187 46693773
27793200 28007709
35979294 36153357
51833254 52054142
65362167 65486504
43965639 44103623
23921792 24108597
32157828 32350651
48646996 48802462
29697711 29839224
20603880 20752988
32745142 32892843
24555914 24788878
46855613 47064700
37578518 37728667
43887666 44145607
43570046 43689679
27293715 27468762
31214637 31382945
23850803 23987692
51010246 51143797
55638210 55819582
26818614 27027843
32560826 32762958
27425611 27581615
75494982 75712918
86310459 86427378
52824855 53037289
26764201 26945443
30235840 30392546
36493659 36712409
79002402 79194400
47792974 47951199
26931680 27090806
26652098 26794591
29024546 29237149
33705968 33876341
52598728 52776834
37093293 37268555
27635455 27794061
28879403 29094131
22403762 22630891
40259880 40452832
47258851 47397153
39880277 40071820
52671372 53554501
54527594 54666674
78717646 78914912
105216442 105377119
109826180 110029528
29389287 29596975
29217729 29419364
64968044 65182924
79448590 79586420
66073550 66214970
27937056 28112764
22401815 22582070
103264077 103490293
110615696 110723537
99096401 99276616
105301733 105428614
73001527 73182393
124117709 124396589
121617738 121741321
133007934 133138573
131102156 131234443
166063437 166178961
89669690 89887030
114013975 114182357
123413491 123530944
111206579 111325150
93346157 93526852
97989421 98217851
105763296 105890428
110827210 110968313
112429733 112537232
114525295 114683380
27886023 28125734
105093700 105283344
110881053 110999445
92229207 92426321
124317826 124526078
104884415 104994614
131943983 132087771
137508327 137622505
142827970 143073783
126558886 126694624
108858530 109235468
50211471 50444868
80086928 80278479
103706680 103830630
105360177 105553846
96019472 96146449
33466381 33679833
34587773 34773821
34817317 34957998
37392070 37529040
28142238 28609596
24297456 24523761
57689796 57922132
82640956 82855148
78221301 78373196
45754105 45957937
28223147 28403668
60243449 60401305
72689778 72897363
87759709 87954578
99984233 100160055
74863220 74999025
66081752 66302081
67883440 68147781
81348438 81536882
103948950 104152023
96429532 96627602
116539911 116694758
107970534 108158731
88294552 88480909
34130215 34267464
30853675 31241449
31659115 31804173
29250146 29482879
30881219 31060021
30325794 30528408
27078845 27220685
25731919 25888499
33035870 33178779
19608932 19754569
24011943 24169258
23510419 23957757
30022107 30177638
27408188 27586358
27018360 27199043
48057685 48264776
52586391 52722825
50406647 50536074
38768320 38924306
33781923 33948655
51604205 51810964
55728790 56111325
32711974 32853615
23462587 23624978
25186642 25329274
27327053 27507662
62747565 62970874
63173620 63285074
58811950 58961058
68170845 68303106
26403914 26644636
42151481 42332140
53592449 53722711
42061172 42169377
23013488 23215193
41214826 41369210
28008470 28180648
46031646 46196459
49915550 50036881
33919409 34064641
29686461 29821640
27213002 27367540
36286396 36493264
43921980 44080997
26163363 26570006
32223945 32377857
30071100 30235799
23474140 23674133
54900191 55020910
96818770 96984985
54928383 55105796
24079736 24224244
35099885 35679860
71909479 72087122
65862970 66304662
74151781 74296096
57373121 57512025
20869792 21032663
26880019 27083912
66041589 66175481
98847369 99025397
58798534 58927060
23660992 24106400
24199139 24382522
81873458 82294381
65667114 65799743
91535947 91677047
57117312 57251455
34682391 34837026
106459306 106653326
100640480 100754500
101846250 101989872
82570581 82966382
32089724 32216315
79521375 79997483
72343003 72481820
102608971 102719575
121531963 121651351
122799513 122904460
27586835 27800378
76648464 76801641
63208889 63357283
69159551 69273575
60584211 60701342
19133788 19596964
75652854 75837994
90329499 90496514
102900522 103011927
68790224 68958875
27700738 27869978
53464973 53690826
75530801 75728203
61109046 61258203
77163175 77336708
63587543 64049496
29300486 29510672
71890990 72048101
91962111 92164481
103327930 103450083
40738641 40913597
36262841 36505118
108939579 109145230
98723221 99112892
81218890 81632030
129678032 129816516
49161135 49313894
75550989 75690417
107152427 107342748
87948343 88144985
110991714 111112104
85978674 86128389
56676350 56882086
67099514 67309554
73800939 74492142
92933744 93401327
75694077 75813395
19416070 19620343
43369902 43543983
70175436 70292227
76752949 76860975
82416594 82582514
27574398 27780764
22694329 22923057
76873876 77817299
74093443 74203705
80562153 82363866
20612406 20745851
27665188 27862863
86625630 86826663
82973102 83096661
81864185 81979445
57368547 57536811
23760212 27935899
26481664 27706516
26373323 26560940
39101772 39680723
41529687 41731600
69446484 69614416
58250849 58402045
37655615 37832927
24160274 24361598
30412681 30581322
71558558 71701478
67299529 67682242
36005281 36164956
28237130 28745887
32410336 32551359
30475617 30654251
