25975507 26254710
28613464 28805423
26879510 27086175
28050899 28246736
34077150 34460167
32990115 33185871
26182569 26376752
29089476 29288591
27501448 27728900
31271249 31476126
24178494 24357696
24961293 25230719
30535968 30755987
27042268 27268641
28238973 28435337
28160530 28356844
26590159 26780936
26788460 27005249
28490783 28695382
21021973 21300270
27903161 28106710
29560097 29813623
28180241 28417456
26458970 26654489
32555392 32775757
26780217 27243450
29468985 29683776
27065422 27286222
29207437 29421089
28837460 29032434
30250613 30466466
21436453 21659716
26088040 26288258
31210280 31462439
26791322 27029434
31375029 31605343
27322142 27556033
26056834 26337986
27076836 27286280
33329353 33544421
26948891 27173149
28984266 29210084
21176732 21369008
32931219 33177521
23519578 23742138
28149791 28379935
33996265 34205824
26168213 26363071
28907357 29101431
35835079 36022279
25714624 25912511
26410898 26607433
20902465 21116117
25034242 25217061
22990789 23190582
23574039 23764245
33108817 33341643
24070714 24276376
30361659 30624749
27734454 27944297
37389442 37588459
34765372 34966780
26707784 26951806
37660684 37853615
29779531 29977906
20002237 20188517
48454153 48665360
25595439 25819750
27280571 27489177
25882306 26114434
24445103 24644357
28187943 28381455
36433431 36645317
29712600 29902899
25918296 26136331
29937070 30128959
27440893 27642391
32450516 32645411
31503828 31756555
35256940 35484526
26779532 26988399
26685523 26902004
32670626 32861877
28941123 29161373
44039149 44242927
30678959 30871295
36795630 36998449
32066102 32305965
34013541 34265112
27264103 27542262
34947920 35176759
31503449 31694408
33431135 33626641
36191021 36407965
31978706 32206585
31208390 31433490
25549545 25766664
27135050 27336040
29924310 30198464
27241024 27429401
32627720 32845984
31884954 32065292
36628020 36950587
27932325 28144581
31509092 31738606
30516797 30733124
30429170 30640175
29208816 29403021
43478231 43673485
29547905 29787774
29986830 30188649
31755352 32025901
22740658 22968474
26121154 26409782
27936301 28122713
20341269 20554713
28492872 28715094
32251838 32466827
28104018 28328604
31998985 32214180
45023444 45230472
27599667 27797471
23224442 23462078
26175273 26380961
26979564 27200199
27842560 28053659
26425093 26612215
20328322 20528196
32842166 33064986
20696872 20892457
31924364 32141540
26502197 26728445
26460103 26682176
26936848 27162272
25484768 25714568
35766655 35958674
21930276 22123287
27108761 27312330
25374720 25621899
32324938 32531670
28050849 28280106
30183328 30418383
20870593 21063582
30714542 30917400
33214922 33422730
24966285 25192381
36416276 36639603
32444790 32675975
35996766 36216222
29675105 29882605
26729441 26943753
30012599 30232427
33377655 33607554
36141918 36342221
31946315 32150251
34208145 34436182
27165200 27418911
21759579 21958401
34307182 34540637
28719091 28929995
23847249 24050947
22291279 22498440
32615561 32851783
26853907 27056598
26020610 26224897
26478550 26676186
23603849 23832302
25748753 25996640
28452118 28676763
28731297 28935333
27501388 27708506
33260515 33475164
25741691 25945859
21949847 22190000
26389692 26641124
33380389 33598792
34173275 34388677
33395455 33637205
27879991 28131195
19126119 19351118
25057136 25268514
33889151 34110564
25592315 25815544
47875759 48089403
26657657 26860714
21444646 21649522
25735629 25950545
23431708 23646881
32307181 32513906
20014780 20217528
37250586 37500685
26471364 26689713
28354521 28573103
21072132 21289783
26953706 27174551
24597663 24794499
19281126 19479006
27049687 27319145
26125503 26361074
19466670 19647086
34683220 34898394
25250459 25495318
21752906 21935862
48514096 48735797
28008792 28228582
26138522 26350678
24637446 24844814
27043001 27247043
29333203 29552787
21768250 21930525
22701703 22898819
29450930 29665004
25289940 25541015
24628657 24875576
28635522 28853331
23705607 23899723
45101905 45332462
32924165 33149685
24728598 24937957
21445855 21633709
34738348 34924872
33272516 33488771
26286832 26487470
26788035 27037424
25706627 25897806
30890557 31134703
26488708 26727500
25614083 25817588
29564767 29777734
30799723 31046391
35776115 35996279
27463896 27673009
27118607 27320231
20894372 21095925
33533380 33781878
19878849 20113403
28762011 29014222
23167451 23406718
28792080 28980136
27830079 28032192
26026668 26223024
29302797 29489424
33001534 33242416
27261897 27453724
26891470 27087198
31410900 31646570
32021718 32207616
29364849 29623830
30413328 30615988
22610013 22824824
29398952 29637570
27564682 27772893
20169932 20349329
26123258 26345355
30381462 30602239
25474281 25680149
27113640 27342835
27178394 27385682
27330402 27552680
33926921 34128985
28986038 29191029
32126733 32321655
30374048 30569216
24364368 24562532
30029405 30266358
35199790 35392115
27442303 27651532
26252926 26492247
29930217 30135999
31804824 31999724
23249710 23480187
28659529 28875614
28149094 28376722
28632235 28822244
27864409 28082609
28976785 29209300
28735568 28949796
27044235 27256195
28966728 29231399
29017207 29242382
25632905 25873717
31544251 31773406
36183809 36404543
29924663 30140586
29719003 29931199
21860953 22083223
28593748 28809465
28186967 28394079
27883297 28109349
28868733 29100069
31587717 31803062
22546362 22748672
32988198 33197602
22175834 22377245
36807800 37028658
27095801 27303614
25574209 25787075
36719972 36921811
33634722 33875900
21790700 22006314
27889560 28125313
43074852 43283425
32205809 32400974
27309661 27570539
30469753 30734609
26085426 26280328
26387622 26581709
33292830 33536770
27294390 27499077
35302728 35521234
24217064 24428721
30949152 31174952
31898323 32095633
35335962 35554509
22742494 22954744
26533156 26744130
23483427 23693498
31586934 31785829
20912314 21130218
26412611 26645593
32414356 32662756
30933130 31150923
34346695 34585813
49489035 49699405
39786239 39992592
31419212 31622771
26773917 26981545
31887220 32094673
30497300 30717885
24488799 24689308
26852127 27059968
27334149 27526190
35161252 35349690
31417798 31691426
28598532 28824537
26269693 26471803
20682191 20891992
29768675 29968749
21211103 21403892
32537992 32716724
31475413 31687550
20892608 21180430
32663807 32889604
31379647 31612283
21395035 21628056
22926787 23196983
21738352 21967668
23000945 23238609
37634765 37844946
24979019 25205641
22598455 22793104
22386844 22586806
32989230 33188044
31464069 31675914
24862622 25102286
30672202 30893491
31267690 31550182
27157360 27370481
34118992 34327738
26396321 26609027
30299579 30539846
28752678 28965863
40708685 40903303
26138198 26348626
25309724 25521524
33499171 33703769
27470218 27670029
26812884 27066754
28950312 29152510
30496063 30709959
43151981 43367430
21052021 21260713
25714053 25935431
22249141 22440230
24300832 24514734
37937580 38156436
28483891 28692142
27329972 27534566
26751712 26984820
27742845 27980811
29177255 29401536
26783560 26995823
25442439 25674181
29027176 29222046
27058283 27263787
27188326 27433496
23287057 23466430
27999476 28199082
25820197 26041303
29894341 30125629
34473426 34700291
19173602 19390611
25708030 25892287
31509956 31694431
48125090 48395508
36197005 36420344
25188479 25422127
27044778 27229802
52767599 53016720
28301164 28498545
30724633 30967634
32292828 32491321
27602784 27823026
22496524 22683784
26056119 26254642
25081926 25301944
33077644 33300345
25280747 25470313
26265309 26468437
21556055 21777777
19269923 19468099
28550609 28790622
23874685 24073533
36069452 36284674
29362722 29581621
35496549 35705824
28958610 29216412
29771145 29978119
21534862 21754916
21082078 21279656
26875947 27110141
21113352 21307113
32345525 32587064
26964701 27147913
28798652 28979760
21633475 21838583
21396083 21583333
29198831 29406751
33821059 34049323
33300029 33499506
31091301 31331373
43248853 43465986
39846844 40044698
33894880 34149328
27341643 27628305
33386421 33589654
25982129 26181399
44112529 44352100
24668321 24874131
26890345 27133094
23852567 24056810
34487238 34730438
26984004 27242899
27657033 27867468
38660736 38892792
25384093 25589154
22964642 23152320
32684334 32899372
27139922 27334095
23608868 24050798
48179265 48379371
22645451 22863555
26068683 26267797
32179283 32427052
29267805 29500012
27251084 27482366
23518108 23708459
31822226 32040238
26337405 26531889
43197670 43390083
30609400 30794647
27341340 27544773
37327783 37555321
22804874 23002730
27284774 27493003
27277617 27492314
23901853 24143884
27328701 27522901
34139865 34386023
27011467 27223089
21950552 22117002
32807365 33015645
25804829 26014663
31283596 31495946
29985968 30190775
29092429 29302105
26582017 26773981
25517401 25785823
43019795 43247748
26326922 26552300
22116226 22330208
26046327 26295864
23608894 23801769
35909073 36101452
25257500 25444083
26242741 26457392
37837520 38042476
21094238 21302920
29291712 29556056
27163048 27348831
33892889 34119093
25596799 25823730
25594129 25788588
20327557 20521255
27228295 27433157
25338406 25529182
27656461 27883441
26951991 27143404
30785332 30989962
26703909 26990094
27759878 27972749
26757810 26965423
30115233 30301659
25298146 25507741
24492006 24684864
29779066 29979319
22816278 23047023
25391096 25584525
33623390 33818249
31119946 31327394
21949023 22190870
25639595 25824310
25401100 25594600
27388543 27616871
29189777 29401118
31411139 31628256
26316966 26534352
33010684 33274635
29984134 30164991
23161255 23357299
20639483 20815968
26226620 26442719
32358569 32556827
24845237 25048046
32476880 32677349
25474241 25670282
36147703 36348553
26143506 26346307
25436385 25661564
28603356 28829397
27927751 28131548
22278531 22481822
27735724 27981930
26921176 27177587
28698570 28916195
25421454 25632545
29696355 29894214
29816069 30017004
29551651 29750959
21585228 21785203
28993481 29207679
28626109 28824746
33417551 33643145
26669473 26913741
32632603 32823584
32060400 32269866
30593154 30805719
31548201 31782830
23097104 23309580
27183237 27383257
21137458 21346365
28326599 28537457
25466897 25656825
20660651 20874470
36684847 36924653
22533436 22752686
32786897 33002888
21810459 22045339
21163820 21352908
34169886 34425650
25636717 25838580
29998513 30231109
29127305 29333623
31463456 31673887
22463557 22660230
25580280 25800411
31614973 31873382
28324423 28527888
34582027 34781003
32291057 32526674
33082455 33292658
25946569 26160879
23651436 23866330
26447423 26633822
25921574 26117274
31328301 31548394
22584538 22789304
24784983 24971366
28894525 29131370
48339121 48572286
32432762 32630660
25087461 25282235
31591454 31822700
31169824 31383463
22800500 23030612
27054025 27300659
25922426 26122343
29013895 29233114
30185006 30403842
33940708 34196867
25870359 26088706
27057868 27237891
35536611 35787273
32646713 32867680
26894082 27124542
30734577 30939422
28709210 28906132
32092866 32314634
37435860 37666988
27280737 27540778
20609427 20835929
33444105 33658208
25406995 25624307
22052337 22251491
28888239 29067858
25504595 25719550
26900999 27186096
27160466 27376003
31670201 31880412
20980405 21177934
21366169 21564631
35287109 35531776
32352561 32568877
23091887 23283268
28070840 28252327
32747588 33014829
27680252 27963561
42664097 42869053
27385253 27580573
28917355 29116778
28012033 28226786
27869577 28082167
34977292 35184664
34407998 34685155
31002763 31220460
33687609 33866205
22258598 22448561
27701826 27910324
25986219 26230770
44608813 44803767
25606788 25801366
34381081 34581500
28664085 28899363
22814049 23050224
25738410 26003998
32022582 32265200
29991794 30189924
32366089 32592349
32381117 32637626
48135827 48340433
24389224 24584341
31743262 31947837
21175115 21370512
29621504 29835128
23985018 24221494
37382360 37578497
24103325 24361791
28040862 28249405
20967285 21170365
27442714 27633920
30604729 30824318
35866614 36081564
21513377 21708861
32450806 32668439
33352487 33582946
31111870 31315851
36019344 36210582
25123788 25412967
22317368 22505704
24927492 25140269
21009238 21256108
28101719 28277696
43240762 43443203
31366535 31587086
31297916 31543465
22857539 23072679
33428224 33616792
26981733 27185041
24372840 24602427
40153321 40364444
28122748 28307443
31250555 31464142
25955758 26159245
26115869 26318015
26993527 27199442
29639267 29835102
31327119 31525146
37191690 37415104
34300570 34497601
28581663 28804958
28079130 28279989
35546872 35834142
26949438 27172500
28004558 28217108
23913881 24105601
29758936 30266955
32284425 32509905
26302691 26503127
21246626 21424095
28814464 29016742
31665301 31908089
34094080 34283862
27689545 27902029
23175874 23393859
20790721 21013319
24543975 24777784
44347996 44560487
34752315 34974854
20718925 20924676
39188327 39429181
21607919 21813017
34579631 34880124
29971186 30171891
34241885 34462634
27076713 27274190
26922376 27142072
25111379 25304875
22662165 22876081
28691381 28905937
32115067 32366258
33011344 33282798
24731935 25044963
35062536 35298029
21159682 21402123
22999949 23176733
23838289 24034702
23200381 23435511
30107077 30347732
27081891 27281393
20817052 21040874
26337505 26642130
45600392 45805079
25405590 25629524
28350629 28588729
31583049 31831979
26472151 26668190
26331337 26524591
27685652 27890923
26733775 26969328
33511734 33736587
25528182 25720652
21436825 21642993
25962074 26152385
30018069 30268652
24790165 24991640
24574612 24806595
28554340 28745412
30575055 30816834
19818431 20059508
34354508 34546786
26083161 26299535
31126785 31315248
44349132 44568791
26267867 26464308
26113657 26346661
33942174 34162427
36935297 37164658
23533515 23743331
22583637 22802650
21498744 21706435
24125195 24344279
37696772 37924142
28188615 28373949
27349883 27573656
34688147 34900301
32866689 33092224
24029509 24212521
29123045 29314432
25055810 25236085
32661290 32858618
32457023 32644523
21853126 22049760
30997068 31206012
41944448 42172533
26031429 26228562
30976706 31158726
32167705 32421391
44079520 44261209
23041551 23248319
19897560 20100865
28228896 28446714
44856254 45050934
35162336 35361075
23912612 24097666
22738395 22974734
32872992 33144727
32667975 32876168
27627830 27874373
25886948 26104356
23871580 24030046
27621964 27834338
34771525 35001410
22912426 23094127
20923350 21151776
39053623 39253155
27096330 27290979
32296588 32507199
25393254 25575462
30471982 30704978
32285373 32497183
32678589 32887970
28738645 28968992
22585690 22795237
21324358 21566897
20931571 21158982
25273292 25493958
40583349 40792659
28455621 28650924
26434140 26623866
26364680 26611345
39975370 40175215
28427962 28652249
27582376 27811778
33955525 34177966
28720404 28974443
25251292 25454757
30806831 31021464
31312940 31524160
39808309 40002762
28111511 28368058
29601144 29854521
25823837 26031843
42849578 43044662
27898383 28097166
21044845 21264914
34308272 34522539
27006798 27235307
21196873 21407940
27336333 27611806
28677700 28878787
31536392 31753755
27175633 27385590
24563649 24767135
30426334 30721151
31188610 31412227
29618446 29810165
32096083 32288365
20674605 20895894
21294817 21512001
26955433 27191656
29182536 29410412
36144391 36352460
34974947 35178486
35618483 35887631
27695596 27896303
25012713 25221231
31243851 31443376
24721979 24946897
33263791 33498258
30508018 30720078
27565407 27811296
23547909 23768241
28904227 29113614
30584360 30791851
26875168 27130569
22863641 23080946
32200091 32412603
36263366 36471935
30043007 30260853
35861096 36076934
22644107 22869134
29382665 29598851
31597088 31796938
25922143 26122692
20957076 21175180
26335998 26561351
48342612 48557250
27417572 27615666
26716047 26916682
27227383 27426681
48108666 48337233
26983452 27182960
31293203 31536327
25944054 26164587
24949195 25163460
32127724 32344891
33232375 33458451
33468981 33759646
31119260 31314890
33170292 33383283
29383449 29605709
27446806 27645152
29654550 29831423
33637960 33856987
28989016 29232573
34464923 34678476
22882059 23081929
31436118 31695022
29787861 30036901
32154275 32351560
30155210 30378971
23230092 23418248
35465702 35671367
32479291 32695017
26994731 27194396
24178332 24381699
27633462 27833243
27433203 27738693
30783245 30985702
30535862 30713416
20982133 21179039
26946422 27137163
27507564 27707666
31765430 31978222
27344129 27566935
30900414 31117443
20887679 21068109
29297936 29489278
33856501 34070506
32844169 33119375
40304985 40556746
30325362 30554576
23360395 23560299
27898521 28083452
32767178 32962608
27119436 27377115
41647801 41853071
30620453 30818896
25386545 25580685
25624395 25861833
22127348 22361886
25401683 25588050
26265700 26487443
30637524 30825281
42988811 43213897
25336166 25550758
24791228 24987420
27894923 28107941
25518629 25725028
32064889 32266818
24248921 24488034
31831141 32078866
24387269 24603958
27314828 27531900
27573576 27779856
31627987 31844063
33893822 34106260
20891077 21105986
26221484 26420318
29388580 29605948
23922700 24135132
22628165 22832700
36824883 37048601
30140966 30413005
26110660 26334030
26609096 26825987
30467000 30673954
32746456 32973639
33836131 34030427
31625063 31831327
27009248 27226355
35567790 35785537
22415261 22625016
28004681 28224469
25352324 25589346
29973282 30191753
32778351 33005378
32681446 32935397
32415022 32620556
23561329 23762042
28404389 28629059
22703362 22891899
24689940 24900883
26200111 26401445
22849753 23086259
32576793 32823069
29617665 29840983
23346434 23558519
26788608 26991532
41410132 41625231
28045026 28251736
32793321 33005196
32169199 32365417
37816231 38013974
25762311 25968460
26256852 26460866
30823404 31131887
19698040 19910454
26270349 26508602
29230420 29443785
31740918 31925079
24912168 25104347
25363789 25560783
24136628 24350608
34287278 34538555
21461553 21659818
23076272 23281549
30086574 30340114
27796709 27995555
28581591 28767529
26912038 27112407
32127077 32349676
37779397 38005533
20716769 20904774
35936418 36130367
22861298 23055975
26680418 26888039
28527875 28732810
20938456 21214612
29312306 29548591
23674643 23877676
23664873 23870926
25685413 25895472
21631377 21823331
26074480 26294762
25371312 25577841
24186699 24393374
32451754 32681162
32164605 32367946
27799347 28047283
33904411 34117096
34870456 35082474
36930761 37171112
30511912 30720735
26425457 26699714
25215059 25417568
23818206 24014270
27758785 27965809
25503675 25689020
29438647 29634881
26996800 27237179
23452109 23647002
34062289 34271263
31257360 31461062
25484655 25699191
32803924 33005671
26405460 26606488
21691536 21897300
26309413 26512820
43751835 44005919
25989014 26187315
27100600 27332317
25612153 25808935
29371093 29567367
27174207 27387945
31907868 32134595
35714725 35934978
24637024 24852329
25438107 25649431
19911246 20131213
24351418 24620182
22636487 22856751
26714222 26955386
23819085 24026062
26538442 26772218
37658073 37886387
30455280 30688579
22687488 22901028
26579027 26767095
31406111 31612934
19080880 19268004
29209514 29406948
31253957 31459481
21016584 21330483
25371381 25607400
25521249 25760720
26815393 27029489
29105185 29338299
27177223 27378200
29538677 29773724
23759724 23972288
34921547 35127148
24349735 24542305
30282265 30537642
31906677 32121465
23693945 23948441
25388467 25586843
31328201 31535218
28454014 28665117
28683921 28892670
27110816 27317336
33754191 33931016
25320667 25506841
32438823 32668678
21395014 21593315
32715589 32917697
29114955 29351425
27348174 27589602
33126870 33313239
28007382 28277041
28122492 28362218
19737964 19930377
32031428 32282467
20719007 20918396
37621497 37830724
32223811 32416733
37494977 37715831
33977513 34232757
27796818 28005236
35340779 35565082
32044858 32275843
39562507 39750858
31600150 31817661
21102215 21359375
22414189 22620288
26048753 26284133
34009200 34241333
20822940 21028075
34357528 34577911
26184885 26406191
26761867 26962884
26745613 26941302
30820768 31074923
29113665 29349909
41836206 42049291
26292560 26488336
25833834 26051279
28928157 29149964
28701443 28931257
28382668 28607973
26006901 26193709
31532121 31772630
26634977 26830193
24705731 24964601
33772675 33992398
26939239 27126860
33083247 33333924
31590250 31783021
35612673 35796851
26887475 27113850
29075540 29333651
27563979 27788256
26393702 26589426
42529506 42771348
27065503 27286452
28007059 28208325
28956525 29175555
34081701 34337396
26210840 26431307
24462755 24736954
27490810 27722754
24182496 24407768
32639815 32842377
31723840 31920442
29643725 29845410
27098217 27296013
28893150 29094559
32383711 32615988
23786653 23953866
20831434 21026837
32877246 33091481
30565505 30775312
27067512 27261567
28181879 28447192
31841560 32047121
24526136 24750348
24229465 24455815
24753985 24971111
32662299 32885121
32265461 32491001
30481859 30695192
32190340 32387138
34653327 34869086
29830268 30025505
35471250 35698994
20784012 20976854
26847643 27067806
33618710 33875453
36721121 36931320
30375637 30627218
33983963 34176867
31804693 32063166
20821575 21016619
31717236 31922897
27560160 27779482
30526310 30752895
30007645 30238432
33913713 34111240
26948987 27143667
23700300 23908319
31458479 31662197
28318552 28543937
22711855 22924206
24314666 24516969
22547558 22748014
33255082 33463297
33201652 33446934
27087970 27343857
28233137 28420012
29367450 29553695
35956629 36223317
31638524 31828897
33656794 33880536
26406256 26623941
27104107 27337979
32033728 32279897
27181244 27450707
28870304 29058682
27916547 28164356
18859738 19063003
20754226 20945404
31945398 32151148
32800679 32994264
28814317 29035676
24244054 24445660
20702784 20933488
26256636 26464807
28843975 29054473
24714627 24921223
23610139 23825172
38179253 38430154
22749061 22963816
34708727 34926271
30083959 30287883
27670466 27889686
27056870 27274534
30955033 31155222
27826846 28047519
31093983 31304740
30194941 30412520
33167879 33416870
26738882 26995459
31430857 31637722
26226246 26440903
25982406 26192815
24849992 25049758
26774928 26969684
30184544 30420611
32367951 32564729
30811667 31016242
32027319 32232309
28612693 28853360
27270486 27503639
20983286 21184331
26888048 27127891
28168831 28348363
35179988 35419344
26158030 26376825
25805519 26008812
28714978 28947718
32661232 32881274
27952293 28160105
35314627 35555439
34804370 35046981
28855747 29081619
35163725 35442242
33835419 34072331
34047706 34268382
26894966 27091255
25174594 25406144
29133722 29357564
30396392 30611674
24780313 24972075
30450041 30640102
26251349 26506307
27144034 27348457
26092770 26321355
32493606 32681870
28198295 28392731
22730671 22943386
28964374 29174234
25828734 26034012
23445560 23667988
31760625 31997424
29023070 29229771
24121877 24362453
32949062 33161266
27064037 27281970
21219960 21424419
22141393 22346859
26220992 26430909
29022922 29252045
36476708 36687830
33147864 33387653
23009200 23205962
28669221 28865900
33191880 33453820
35598224 35819947
22870465 23071845
31737798 31951861
27084380 27365682
24204887 24390124
26111312 26333358
35876126 36086635
35458848 35673707
33764029 33960366
26303825 26518680
19956463 20175718
28155078 28349421
32192416 32411655
26896974 27087975
21323295 21529106
28200290 28408607
25944683 26177500
32689230 32907457
40785226 41004680
28804640 29027697
33103847 33318780
26664099 26935807
24467981 24692527
19307907 19476198
30327273 30555111
25417026 25641390
23019202 23219942
35562399 35794169
34709455 34907029
20460936 20692281
30639608 30925310
31395796 31587560
18881753 19095768
28950898 29181993
30008646 30199414
22818662 23025109
29706666 29963767
27868931 28085503
25131265 25320681
24374334 24567047
40566403 40785913
29171227 29394092
20776319 20971182
28992594 29226748
25446156 25702328
23710697 23906102
25711887 25922962
19858747 20096791
23795839 23989439
26451785 26664228
28307621 28509528
28273071 28496060
24062730 24267239
30306368 30621715
21244772 21443163
25572855 25828063
27750603 27936978
31078854 31290587
27463838 27682893
28827157 29042686
36335039 36586680
32098003 32301340
24461013 24676693
30713636 30973572
