25853188 26314451
28700975 28918503
42659152 42881881
35735482 35896702
32567587 32705038
42282906 42487487
27944708 28115742
96182743 96370530
105160192 105252361
91790513 91999281
70265264 70446251
119254347 119398862
57999618 58172430
47315974 47439950
28419900 28554422
68463800 68627108
201484383 201627633
198295811 198477836
223650519 223760135
209832493 209997828
217032260 217134074
201355498 201512981
232999017 233180537
191276985 191441480
187813344 187939017
97387730 97509929
40593365 40757353
42003874 42143406
58000245 58161941
139151586 139300094
149873078 149987125
117574654 117703511
166448189 166579109
188645512 188741686
204537547 204681642
218421009 218534540
72765276 72933255
126317792 126460144
157817241 157928815
21027121 21162778
47603968 47700002
54696626 54845625
84429753 84565650
171712218 171887231
208084864 208199748
230099232 230244723
188973661 189121098
205228357 205329318
172025146 172150857
211130095 211255467
138689848 138829156
64249337 64409111
155831042 155966943
167076960 167255968
204236845 204453571
200063172 200184349
158968331 159126902
228418569 228569175
220230695 220403201
163156332 163320348
241804662 241888898
191549867 191701918
207658997 207738183
44587556 44703701
50357584 50502336
218705520 218863604
415475149 415631429
475510071 475684357
499333239 499446429
506690939 506799949
523474301 523568354
530579486 530687990
539886915 539999301
454286898 454400858
472667307 472816556
178574152 178752318
52204903 52354094
326500576 326665682
254000138 254167487
368000182 368114861
361976521 362126276
360117067 360285513
371030876 371171272
341167613 341320185
327148716 327235665
408502526 408651507
250003956 250134145
25423628 25591721
24126453 24301425
198885316 199048656
263782376 263945160
244094312 244206246
252649624 252763547
290540435 290671057
271053899 271191496
263173300 263299343
173842802 174002690
340466710 340576501
152855591 153015233
42720288 42871791
25227490 25739316
85003979 85168885
116143541 116258770
146249570 146354093
146639834 146742089
164364183 164520077
181112347 181200872
185413087 185532157
96308578 96463531
83266612 83408724
224980945 225116548
29222833 29386129
33675799 33805279
30806747 30961705
134075289 134209837
176226701 176367839
190982892 191136076
229235926 229347077
217607980 217749595
189586058 189732648
180644864 180865627
225049523 225194879
171427586 171573600
83480377 83604958
26709992 26860074
33549664 33675121
132476817 132634599
194020110 194188940
217027580 217136346
211530238 211661699
280829737 280982614
160215731 160388946
195340329 195438969
288689472 288787308
225195729 225388850
85224177 85400341
208162328 208324116
230881598 231017756
220972806 221113576
201578570 201693418
210860500 210993017
225827322 225981244
236124114 236251774
246362183 246457278
237784406 237922532
88684552 88830088
42352375 42498122
49475259 49618050
72696652 72833806
163833231 163989361
131890872 131975756
176342802 176488634
120046194 120168532
157879572 157978341
171826144 171972735
165197292 165298804
53563736 53726955
33720234 42680415
46810206 46980010
161705358 161856646
185825270 185931085
188350838 188438040
189619687 189721034
193432584 193534223
151619129 151765291
196946105 197077662
111464128 111587596
28237933 28408466
44244693 44385616
167687711 167833631
213571513 213714021
212302898 212398565
236640424 236742268
239710076 239865074
250589411 250710847
190197158 190329122
260912633 261002815
264518865 264601910
140744008 140883237
38795521 38942881
42802408 42944668
317740065 317896391
322379879 322527291
302743630 302888907
334594856 334712393
324258856 324413027
327904932 327989487
339245546 339364189
340904864 340985449
236136120 236270069
189758040 189892808
184641291 184781244
211659381 211771960
194603526 194711471
245092879 245232358
205117507 205273821
284931166 285079907
254028545 254129411
249793156 249882330
232454045 232567018
219622942 219717909
131574720 131751117
178481859 178604876
201347654 201515552
228191283 228308190
241785223 241909531
234919208 235019872
255751688 255849973
239293696 239389060
257737321 257869016
258433735 258524239
25798772 26018904
30387264 30559359
24890035 25047926
154082483 154250116
183322767 183438948
204216795 204344384
204103866 204201746
164281460 164435371
223258664 223348102
227057055 227171316
174446162 174632571
277336036 277445093
137144545 137263571
22223801 22368613
26749272 26893375
130287724 130406712
157151944 157284096
180465905 180586145
190557605 190671105
198372970 198486789
174219180 174328206
175238572 175369555
92031138 92194208
128562085 128670406
215753922 215848182
131929870 132033390
159126095 159277538
252900755 253044679
255582834 255669104
176977925 177083036
180412319 180518811
222406523 222487520
224555219 224672888
197526541 197647144
282651856 282742776
26395571 26562233
23468825 23608328
173188917 173319864
202985866 203117677
208014325 208114920
188777436 188905374
194242306 194323163
212699213 212824646
221202044 221310715
228226139 228310033
121109964 121248976
185786466 185915812
139729611 139879109
184920535 185037388
187233641 187364076
203880946 203987197
172005250 172101637
187459236 187588417
179113766 179233136
236790976 236921140
228812574 228900585
209899645 210003791
24909684 25047894
38567923 38727289
165240979 165358195
211050774 211151009
185178672 185275055
199732473 199821832
214497947 214663284
219836151 219940457
254902360 255044059
207259948 207387442
131570848 131718777
85088760 85198679
147895914 148065294
151755581 151867516
175397399 175497768
186926195 187055845
202923844 203024261
233864228 234002087
230793275 230951026
227801482 227900170
204622709 204762378
199422348 199577318
31240596 31382834
34613625 34753412
53823432 53986132
136717774 136867409
177728861 177841795
212577028 212700490
219465271 219584404
195068271 195196280
212299638 212417398
250063466 250177455
157475535 157591433
135911648 136028371
72482959 72651074
32939948 33084406
249217480 249350691
263327611 263434567
264202991 264290559
277736465 277918442
184417955 184542006
283696597 283769999
294751769 294918500
292116650 292197268
299071434 299154175
307899990 308005516
110911608 111076832
227843515 227976409
243983576 244062414
239892859 239983077
276030535 276189904
290072213 290204095
261712472 261836970
310568102 310659409
307038939 307132391
282131321 282214619
69590657 69730884
278966208 279119686
251780522 251919257
223314346 223433397
194264386 194385606
220908686 221003012
291262907 291353188
239303852 239434147
266286499 266373650
302966015 303058110
272578745 272675735
157799657 157953876
162025584 162165848
207284956 207390146
211860085 211942042
213585917 213657110
215797081 215875585
224209162 224393716
225982696 226069321
231022680 231108866
233449267 233520525
43127352 43272155
39670762 39797738
50839146 50990325
48984426 49079757
71557986 71672093
117950679 118053357
142752046 142934533
196237823 196342726
166777701 166875777
219628705 219768963
209989302 210079188
193070506 193179823
59744699 59877293
80755974 80870007
32949604 33115038
28051814 28202628
133562338 133690389
123913661 124061692
196924961 197025713
206652244 206742388
184956966 185103379
195543938 195645466
241365685 241558609
237816522 237902364
90780935 90923900
258392396 258497022
21478970 21619414
131361292 131508255
177620104 177742351
169222047 169375136
159939418 160043771
180745858 180836769
169985741 170082192
177028695 177135337
114654724 114783749
201720472 201849657
187254050 187379146
26590127 26734110
183299115 183400990
204800200 204895994
200076533 200217526
182560661 182697499
183259597 183339073
245641715 245776685
214608095 214701761
230253629 230361844
243756787 243876644
87979569 88127472
35300689 35452649
26932122 27103259
31827073 31993235
168074609 168217483
175282914 175410894
159630866 159773709
200880028 201080864
211553896 211648610
229568288 229684344
222428525 222515752
248860282 248993068
238365707 238467522
99578555 99757659
172163489 172331604
201798846 201975563
192812827 192916954
188414228 188521492
196151201 196252207
245035692 245161668
210243570 210350048
193045739 193169144
229874897 230011482
169066234 169219355
28732956 28883364
121131131 121278314
177736028 177847661
186619402 186753031
168135487 168218717
201929516 202061248
181182539 181321280
181692443 181775338
205031114 205131527
210021230 210117911
99321243 99458347
34513464 34650556
209417366 209529107
229817183 229960374
187790786 187891767
193806041 193898764
220082219 220160138
229274140 229386610
226042542 226149189
259246399 259358880
272946786 273074747
127540790 127674675
29152717 29298987
123273816 123386691
203813165 203917713
201879868 201978840
176464116 176575087
180267966 180384330
231291122 231395976
218688789 218794395
244537964 244637365
246812919 246897639
73191633 73342858
29520282 29657684
136367789 136510798
173706464 173808545
213172835 213290763
206690955 206790366
193551260 193652631
214457463 214563346
216983930 217072611
201756385 201889755
259199202 259340472
144607557 145608579
35066306 35207167
173204692 173324717
206663398 206750068
231153987 231254226
237010597 237089040
237328126 237432250
266635839 266815302
232594709 232693022
120531136 120669366
218609517 218716198
221393226 221498817
124568611 124746596
161442876 161572287
190439821 190602828
225475329 225593994
189107002 189203795
203063498 203149467
209981564 210093357
210961851 211048757
221296789 221390788
209691719 209776951
19390453 19519957
28666972 28814392
70452050 70605914
188378174 188488613
205217031 205326064
214457660 214607192
209788145 209883868
225726601 225858905
222596692 222680763
243550712 243635417
159246311 159395997
123103391 123275014
38002547 38111572
159308469 159446328
203438736 203535938
196879137 196971929
241313986 241446357
207827267 207924999
184145543 184258242
199089887 199191064
257586097 257688367
263592369 263692662
244051618 244148767
19056360 19193995
228999761 229156034
205880525 205985754
230470989 230557602
232228996 232320981
208239372 208377033
213903574 213992253
217240195 217327521
249546026 249642619
230543975 230627482
114864746 115007650
157425208 157594687
216239059 216344930
203111164 203288353
226563033 226669277
208067837 208172852
219948682 220060128
252959427 253035008
226766759 226890605
262819642 262901931
264975228 265062732
26903016 27054471
163115596 163222854
174631256 174762495
207387198 207500312
200838900 200964999
215408725 215537173
205285144 205369999
217754519 217834636
214147251 214255733
237500329 237584543
125984519 126111584
160784472 160877171
188148266 188244233
184844419 184940328
203715559 203797753
206611911 206692859
216185338 216327329
210328542 210402981
211462483 211545282
37539541 37678035
38451369 38587715
58682175 58813635
122386584 122509291
142734870 142823557
127895852 127977972
160171786 160291781
182739822 182831698
182808234 182888800
192085858 192170145
94786978 94914805
100234968 100331956
31935501 32050274
66278169 66421426
65015994 65110591
40276249 40397478
122462866 122566027
166758675 166888267
185083379 185187780
191775191 191899346
197115851 197212820
154476106 154598144
169256515 169337688
97879968 97982805
106451947 106567547
93028675 93115576
21291346 21424881
22834302 22948036
149116739 149209397
200852742 200946189
204943290 205053875
186397009 186479358
201568142 201659695
145543576 145664850
176601588 176740194
178604452 178688584
79632303 79739941
125899258 126020785
21633107 21776887
136116992 136216113
198097480 198253335
199805309 199904807
188014624 188184929
209700341 209788392
240567474 240669305
247351977 247454551
248832424 248916815
249246896 249327489
96401019 96517474
128120134 128276000
194581775 194703011
184771793 184909883
207285480 207382598
211370373 211476676
192654023 192745540
262825207 262942792
223362660 223446809
240865246 240971025
209461056 209555099
32058845 32612248
86442146 86571134
139377551 139530677
163357664 163469550
188882984 188984541
197621160 197708836
202728288 202848358
186149061 186240912
206690734 206777199
209119662 209225444
114894778 115054196
32628554 32771086
33399370 33530523
35541453 35682386
49134458 49263752
60494788 60687847
61744730 61855167
24809583 24929613
116250883 116393441
148231107 148334361
178612165 178759096
176894783 176983381
192932523 193055395
188822771 188909517
167223099 167330846
211603512 211689151
209351756 209452566
215698348 215784226
27597888 27767928
20452713 20558741
167557341 167663649
221877876 221989496
225422360 225550912
199950552 200039209
235686798 235845227
154014011 154150297
242165521 242263266
230098667 230187441
231961291 232065231
129733720 129866136
21166445 21317984
103995956 104160293
226602560 226757345
195222215 195359846
216873092 216961779
228911520 229001700
239291460 239371715
243848653 243953456
262278841 262356285
309228605 309318818
146468405 146589774
44167404 44282959
129860455 129986936
181310149 181475472
221760870 221891818
185666983 185772193
192287650 192403043
201472192 201558038
175103638 175200654
188288672 188403065
187018914 187127522
174940287 175037920
31005690 31173526
30772987 30938558
26700182 26860233
27407964 27533396
150485927 150600173
168688877 168797128
152677275 152827979
186075900 186158474
123087736 123192288
203965969 204069243
169384111 169790321
177307900 177417175
113614439 113738617
74495809 74613522
98399536 98535863
171235783 171358942
151041510 151122646
165924308 166028239
151234353 151312159
139506246 139605076
168398942 168497296
198334842 198443622
156516078 156594032
157950067 158053053
21274627 21409424
139581713 139794776
134212450 134305020
140714986 140800665
194812500 194922917
166087633 166189419
170127966 170217421
171687757 171771846
188898297 189032565
198623909 198760395
157568872 157686206
51451419 51565655
64563470 64702644
50143076 50254663
111129920 111258654
143237725 143349966
131347170 131492760
201893032 202010842
196726997 196829025
187917176 188009702
245543699 245648250
132567273 132666934
111431659 111527340
163405740 163541441
41409739 41541769
128473014 128574209
130216237 130295496
138113865 138237831
138304126 138389366
151153857 151247519
66939419 67069707
114358367 114489756
153066843 153172202
196051087 196208168
164669006 164787179
186005008 186085706
155293214 155425475
191566998 191662085
164781455 164873558
229386553 229476742
207196765 207274127
30184481 30318691
25811472 25959034
156437877 156555153
219876547 220014038
222039970 222161473
218435012 218563449
208734563 208829157
228434689 228522343
220842308 220926148
240711671 240822328
134249503 134372248
181958406 182083765
20583762 20749444
24875106 25062024
159692929 159829902
167617629 167710351
197104064 197180281
205717365 205822760
219748457 219855515
182477254 182569980
234675043 234751995
228486065 228623603
142205579 142323226
63837339 63955842
117212447 117348328
177352001 177468730
173775627 173932684
182007120 182092612
195095391 195190970
208702226 208790907
197165044 197265952
152480703 152571272
160940793 161024141
169988572 170100745
26140047 26320474
216634782 216733744
203601255 203692946
174569717 174660678
198519853 198646529
224158825 224237563
255155083 255281253
230996831 231136609
200168587 200259969
252553764 252640970
127144670 127268033
19795811 19934049
159008482 159110449
171678848 171766976
186200850 186335606
212817226 212908379
220759121 220861804
235891953 236012135
225079036 225229013
225734743 225826750
244248849 244340097
67004908 67116034
146808399 146962835
151750955 151895705
184773572 184873259
174821455 174925968
193883731 193986183
197807172 197902751
185890226 185994796
171245242 171347607
225695588 225794579
252158039 252291184
37314172 37459909
20662401 20789517
156004290 156106494
156932651 157010616
196393555 196512422
179060816 179150203
200446964 200566307
215161327 215309930
172604657 172742920
97115593 97251980
190315898 190409218
101949515 102057327
126067665 126203163
213229400 213362185
197478249 197843036
231464065 231581771
220848990 220940885
175061337 175141385
183629425 183747703
179304178 179381299
233187108 233281951
183852176 183942810
21608679 21764397
18734353 18884238
18461522 18584476
168588346 168689539
212949486 213080050
231183529 231283362
221631172 221722650
236613046 236719800
238268177 238358589
161143493 161283634
253089159 253172664
108891062 109015954
106579605 106690593
29693904 29836602
163125493 163239187
153631700 153723068
209364227 209452561
213448504 213531615
222688201 222806574
210576194 210667473
164850023 164953260
241335824 241413483
191401229 191505090
72645222 72765775
33492487 33641598
105504101 105614236
187406276 187524386
142399002 142482887
168956103 169047081
192255920 192337095
192823661 192972035
201348613 201525697
239719194 239825350
181584932 181697922
48048415 48147363
27048430 27162254
176515798 176683601
191035851 191142037
207270093 207358763
212038494 212125493
229493274 229583015
249875819 249969901
169080254 169229384
235460003 235549084
238420668 238511546
237321254 237409118
38956989 39100583
57329387 57474277
97721594 97842010
83220996 83359131
102950651 103084631
121498606 121598553
63942511 64042129
75425992 75551334
39980034 40094751
20471286 20602511
143257582 143385730
145473268 145578500
205472164 205638258
174695770 174797813
186174275 186258008
128816731 128930594
195710359 195797612
207507947 207630290
163967510 164099017
134270928 134392488
38474166 38663806
28550470 28689480
32968600 33107801
78454065 78597390
141848088 141955061
124835067 124944374
142900281 143000549
163690958 163767542
170785207 170866014
76263023 76412152
215092137 215220461
109313882 109467681
62690162 62794037
18484524 18589566
163277007 163485891
142781111 142970633
222632536 222737528
224769616 224857785
190913588 191029120
201957721 202077031
182774660 182872378
193901634 194001208
170793881 170888457
290958714 291038251
74560794 74699068
74832146 74912481
52508290 52616367
70250352 70370431
119051816 119216528
159188484 159285068
162746576 165796191
149117049 149238936
154377157 154468149
176659608 176764606
67039805 67147465
119664962 119781801
79890208 80019233
73774796 73892433
27127809 27282421
129719398 129866365
126220245 126322179
139391547 139491558
119176206 119298196
145096320 145188885
170127211 170206541
27773533 27892738
230324047 230430862
237993687 238094441
264410004 264580878
220256468 220347566
266642667 266718701
267406208 267496872
176938789 177059519
263581567 263691581
259725192 259820048
283241307 283333614
43400323 43577697
42380883 42467148
182751991 182856902
196131913 196235176
212074476 212165040
228930383 229022412
232285013 232384793
242049853 242135586
238804928 238890284
247793431 247883579
58889394 58995951
66372272 66472785
174432706 174538258
199082912 199237249
151339156 151458825
220013788 220144586
203792547 203898870
217096022 217189490
159087359 159198468
208657765 208732144
213052068 213165204
237287733 237374493
24925602 25062474
171718408 171847641
170606182 170693454
178329314 178456344
177747989 177823226
185299319 185393754
189035984 189120374
185115787 185216538
209732877 209815004
198786237 198874893
37263406 37458200
111540226 111688964
180891237 181002385
209537808 209669540
211162809 211311544
214463029 214550463
217693542 217793342
161372998 161497186
214124576 214212225
217089023 217255158
251915005 252005819
32255327 32383931
25059500 25209296
109267585 109397193
156649481 156768176
189958473 190068472
211524777 211628034
177541193 177620637
146070761 146179615
187374841 187461155
188805681 188918282
93444804 93565257
208900076 209003370
72469125 72641723
53659168 53767299
157461567 157571181
165548627 165648497
150699319 150783222
173871593 173987603
196215661 196291695
196513183 196593064
211813429 211922678
183025511 183139342
74764103 74875730
87737135 87846135
164272362 164380555
164985193 165128026
170276684 170386662
175951829 176060436
180054520 180183253
182529481 182627372
202688881 202846877
214286235 214408851
173331248 173410036
174779764 174890238
67255629 67398015
76115590 76209688
59103031 59238632
175380707 175487664
197201786 197297620
202696634 202784994
205555386 205637987
223054715 223177286
261169727 261271033
158276354 158360002
161880860 162005261
177605420 177696539
290716416 290808288
80208300 80366820
167752751 167912046
186487832 186578502
184536595 184655155
213534216 213637903
130341727 130481077
146028479 146119067
190602114 190728829
191897291 192008848
195552143 195637136
20474394 20587713
36546687 36693817
106307778 106437031
107544081 107641279
142075707 142226927
166976511 167092311
131006157 131096378
155326307 155418525
184373115 184518487
196233678 196344597
172738030 172858238
45494688 45601690
52869437 53014977
39312883 39428157
25563999 25736646
152276848 152372603
139649881 139801813
187403248 187488662
196200774 196302990
191471278 191589969
199098723 199183183
224003040 224224067
118930733 119074459
125883862 126001684
54488351 54597351
22598394 22752049
191178285 191291329
200158109 200291708
166211729 166321732
197000504 197077189
218431795 218520869
173620250 173739833
234367763 234466936
194465137 194573391
182687321 182767581
95329513 95474907
65259060 65452764
69349757 69447129
153484022 153590043
189834046 189942568
222104520 222216293
236304238 236423861
215812015 215898559
196025714 196211206
235928147 236060155
276385717 276509797
227181807 227289859
208486693 208583517
32963845 33116936
62884920 63018167
58696423 58786323
170165840 170296615
208966484 209069535
213961001 214057653
214002599 214086286
221903795 221979513
227197664 227323196
235905022 235988826
134666392 134799804
55170736 55270008
67492372 67598959
25448028 25592543
185465079 185569536
162239491 162364901
208102054 208182074
209482972 209599662
212962232 213037353
175517032 175602828
233964173 234048943
85243327 85374529
247332212 247449652
270525091 270626678
155872875 156049128
189814676 189912244
236111657 236215109
179975657 180064809
253580781 253669903
195558307 195660382
198537061 198639971
263967367 264115487
229665568 229764421
237533056 237654798
42001963 42146830
32491922 32611636
137568755 137673598
158145816 158233767
193612092 193703456
194548620 194672209
216239222 216334004
217703826 217844260
221055624 221162664
225980720 226074946
102650667 102802709
95299403 95420009
28308121 28516628
130356203 130514569
134687398 134791546
149889152 150019436
224898631 225000195
231764901 231901555
174582490 174700176
229895690 229989128
248785950 248902788
246212800 246289043
84107409 84220037
26813940 26956252
25602612 25734138
61271930 61383016
152519567 152624460
140780430 140886413
151849913 151958818
180762966 180868006
160907041 161007262
199180235 199306055
196474464 196553784
113381542 113517264
64047304 64164308
29029859 29168842
215896999 216007068
251363067 251488491
231141312 231260495
256324675 256444832
236763284 236858019
249389740 249483797
238517250 238619122
207086351 207211683
273868932 274188865
311731540 311873940
116572970 116728723
214866789 214977197
215525069 215604322
216194999 216265446
220085721 220170992
226539677 226625125
239501467 239595040
236528922 236600045
245771884 245921110
82125950 82252624
34675626 34829355
224744620 224859932
227585190 227672849
273329418 273438152
267046026 267124474
292081679 292213281
274469049 274564115
257420157 257514797
278883789 278966922
281246223 281468156
164843828 164979657
32447071 32586801
78376206 78501677
198481368 198604261
185540182 185652847
182047993 182150561
215731880 215853172
217052234 217130922
241987641 242068412
241746314 241826992
251493897 251609857
96848835 96998340
40661656 40768839
26509206 26660567
201435966 201562132
234392598 234499875
218764809 218852877
263088293 263164581
220278566 220363401
211381453 211496909
238152218 238256999
231498171 231590204
304141372 304238070
111000115 111136561
26918160 27064108
143513199 143630440
150622798 150705966
128954552 129096471
206375510 206513163
202289675 202365550
158938161 159079310
150658032 150738501
157032328 157126112
172553702 172650263
58830882 58957407
68054426 68185070
172005326 172107966
175950117 176024360
186711916 186803762
157950521 158090872
211887166 211995381
215806185 215882486
226681947 226760664
227330078 227408320
90427661 90544200
83551563 83640177
213951722 214090641
223262812 223373691
241817396 241905753
234381968 234476742
210076694 210165863
215259570 215363611
188352812 188469286
242050356 242168340
290552601 290679937
190842734 190958481
34503404 34693367
195400404 195493470
223438221 223548194
244089027 244173101
222481417 222563277
225587061 225677562
249258642 249335041
245360087 245489083
269868796 270020257
246058277 246142145
88803204 88949914
42905928 43017610
49801710 49923985
181777814 181878062
217067565 217190355
265870907 265975214
265681001 265758771
282611927 282711991
296838811 296939717
299621700 299703655
315569322 315650527
117626772 117778946
129272057 129355020
24926410 25087615
107304604 107443118
135293643 135389661
133743622 133846004
136355521 136440984
147254736 147342452
155915219 156051074
62026118 62128620
79063943 79196962
67833340 67966109
41101996 41217521
67054746 67208315
45334082 45473243
75353062 75462912
85078802 85170536
87178261 87259888
99908971 100047371
89436237 89573353
99987952 100089860
97868344 97975903
88262441 88362246
43824765 43949749
55839143 55940845
103591335 103714251
86148925 86238708
113993941 114169341
120116946 120204936
114323417 114457836
87008159 87129081
134442104 134544546
93503876 93647394
135154928 135243545
89510032 89601464
94805169 97853957
102358641 102478943
94557717 94727189
98158038 98239496
37381428 37493931
126816154 126941176
126906112 127057816
107004177 107116487
106437872 106528315
118418656 118581402
92149756 92275235
112592744 112717317
104468707 104583137
73218922 73359073
120595170 120720966
73111562 73236159
95508660 95667138
90922908 91016081
97811591 97933262
103132172 103217416
25450002 25589346
64573939 64729816
85748022 85891674
81452895 81552449
104022436 104112948
18968515 19095375
59837900 60008246
106414611 106511280
147936409 148034760
102523517 102664466
174090244 174193677
182838593 182979504
128822782 128923352
124577110 124683411
144347369 144471963
124148426 124272991
52403951 52529796
33084838 33217479
45373676 45506806
98003048 98118587
123505545 123672545
219189220 219325469
149018925 149182238
198043539 198146588
203529969 203652906
162811178 162925073
191852342 191954914
132868332 132994916
126812440 126942085
66602199 66729002
89619399 89725696
35912523 36042000
42249089 42370540
184299340 184439886
240508894 240615313
262626228 262750404
216214009 216335977
256507350 256619808
198209808 198360973
200174206 200263089
294517635 294594245
148949777 149083728
134559603 134715346
27271111 27412799
206253657 206365795
218054290 218157961
181051729 181151269
241576021 241758039
231402190 231572509
209634441 209751406
158467937 158625975
233084229 233204305
287762023 287851044
247259019 247396375
64604936 64743465
142385465 142535228
148386947 148493192
194379155 194529812
194100456 194189412
215684929 215816755
194280893 194378705
205334513 205445913
192083632 192195479
193838452 193921184
43581089 43736461
28471481 28639385
22724344 22847480
86918195 87028484
84629098 84749856
132160822 132281746
150451454 150562623
171259239 171379130
112662830 112786932
75375539 75492796
65030395 65133458
94276311 94428434
30611470 30751002
89223281 89395318
79744037 79875405
74321055 74416636
97136944 97284129
119139439 119279882
109607623 109749085
129907807 130029321
134047387 134132765
160392414 160492114
96695344 96830998
60950425 61082451
75308338 75441199
76662498 76750263
42358690 42498161
36029747 36227780
92869848 92978529
147712614 147864684
176096066 176226250
174668200 174815127
133094719 133230906
251325652 251471147
189278559 189410537
149408681 149540798
167876448 167986403
114508419 114656624
35064588 35244245
28505524 28656939
94597908 94749069
82155134 82300519
147502166 147640773
152865168 153024756
124729148 124832711
150948509 151099408
151784548 151899493
152570804 152718878
157873116 157962128
84595392 84717973
46429661 46571782
43789842 43942904
26634601 26776024
149553417 149719058
156122664 156220024
192295171 192403834
207868471 208061564
220618551 220725282
231804685 231912277
153372403 153532719
160466471 160590024
172361160 172463396
275902914 275980680
23495797 23632876
31242743 31373377
161049356 161215819
181911156 182048257
188596609 188679945
192297874 192414648
172729089 172873833
174268549 174386721
190116908 190237345
179180349 179303546
95483581 95657302
84079683 84224350
150428946 150537585
171633482 171758031
200146148 200233877
224978907 225115072
218705912 218817295
169695082 169815868
193259278 193389250
181765454 181864282
199391809 199481753
206082318 206163643
47872864 48015728
154233645 154399242
180720880 180842135
153946585 154041375
177126440 177340436
193677938 193760159
201931313 202052734
213364473 213488353
190894607 191009417
197752863 197907481
65442396 65568155
25755022 25904667
37776409 37915723
66681802 66793737
160187902 160313096
157154369 157249048
193995496 194106605
194163948 194262948
162105188 162220507
194535286 194653631
261218865 261335374
97502181 97606772
141464914 141589425
76758947 76869607
44944323 45105643
97815810 97920388
114938112 115078770
124712562 124804499
136136420 136223701
162106827 162211566
127473922 127577452
127596013 127701914
151448703 151606044
134024350 134152589
35998799 36117564
32129189 32271605
32502009 32616411
63291830 63408580
123148926 123269873
114015218 114125826
184417406 184548013
141408269 141519911
180030209 180179201
188556664 188646683
167585078 167695597
100842706 100956144
123736221 123876403
54254307 54384532
35018969 35134291
33509757 33638979
32851054 32974441
131625788 131746041
125531961 125665195
163266434 163371548
140955108 141072167
180753618 180860387
177546375 177648468
107120422 107235219
108687700 108823669
196444624 196554322
78874386 78978658
38486075 38605449
27680323 27829225
75144453 75264462
133699475 133863006
135560468 135683485
120113848 123265116
197169601 197275007
185699722 185814610
248846801 248972212
189284580 189424787
120717766 120884197
125601794 125751617
71758638 71881245
24841964 24988118
38527181 38636444
46878385 46986637
58689692 58809098
76577315 76677782
82188526 82305680
85609962 85713094
71715231 71831730
79962346 80053237
77925990 78031943
88556685 88679720
91465872 91637437
43787789 43927374
54401900 54544901
156347570 156772734
184150058 184274092
200668732 200757064
195732454 195829518
171077945 171186002
115206036 115355747
167949250 168075503
272853675 272980972
213128461 213247917
207835070 207933093
22894278 23031763
148076260 148234191
181312882 181435927
206115287 206222505
215763271 215896926
194147069 194247939
224348140 224482203
224512926 224619245
200233661 200338631
202597986 202684480
129097880 129209379
32059534 32202886
45200220 45324163
169260924 169379727
200644165 200777415
197181508 197288085
164649185 164770522
155394974 155509335
101431840 101582226
190398873 190487762
187606520 187715430
224464081 224566702
61805627 61921950
24953962 25151297
205754738 205864833
210463603 210547354
205816001 205904092
181041424 181151778
194766076 194854210
213634378 213754728
175447550 175573431
223069913 223154753
276991441 277094809
77225176 77339640
216483357 216665472
211681566 211793739
177288913 177392737
226215686 226357314
166677902 166822194
239028110 239205103
221030710 221117144
277621889 277725385
232866100 232988695
236805984 236892004
136776386 136911208
176759255 176871918
198085814 198201500
181936023 182070828
190023502 190116502
190744964 190816893
221393276 221515557
195458401 195536497
199203265 199286605
218116891 218262053
29150505 29299177
24542312 24663533
27300726 27457896
161699109 161848619
199962453 200117808
197659045 197763583
214977402 215072181
216785938 216879744
223952295 224063773
263708195 263811570
120581273 120709600
148939833 149073364
140575981 140734567
133496117 133631567
180136423 180251174
198114258 198215664
204922098 205013414
179257207 179365429
217724374 217811129
218273786 218403975
187588991 187710374
190990130 191076104
48052076 48152939
72111770 72259934
31731639 31847427
167633900 167731793
202019173 202173543
202387285 202468288
215498347 215593772
221974431 222082533
228837827 228918378
230826957 230923084
112670606 112809547
94852662 94954632
76110885 76229567
82339630 82493456
146046767 146163574
200800726 200946426
202589355 202714745
144089276 144225947
208182437 208283259
189546545 189634327
228332012 228418594
234585998 234675402
206140251 206274655
34489784 34611374
26319338 26464396
167371135 167527496
187870409 187973624
216755282 216897274
193209402 193382415
180605746 180693302
222835543 222956633
245763310 245877430
208018045 208154367
182459482 182615306
109312550 109437361
43014456 43173756
115218490 115347962
180913944 181067299
165860400 165978861
185237552 185381569
204715483 204843440
158847999 158943788
164288919 164425687
173834628 173945610
182171211 182286370
61332546 61497668
23617276 23768945
21784852 21895675
144282608 144408559
159630213 159766180
161551344 161643673
209775830 209898502
242253492 242412621
210117940 210210904
249087053 249197735
217980496 218100102
99128936 99245217
125450419 125574210
27064482 27194063
166828381 166981983
211560690 211927655
190324213 190436269
230777156 230905799
168878704 168975896
174816359 174935968
228348613 228443599
196637211 196814328
175470968 175563289
102875616 103025922
174240950 174398548
232515333 232630304
244169813 244296236
288845697 289043816
258132703 258276486
262955023 263055675
269061975 269164851
271052594 271141790
241684797 241823196
284400913 284544513
26819862 26979283
168603102 168727344
211050151 211175891
187103466 187265258
232880066 232979275
181992603 182124689
242989956 243078788
257835836 257958731
208289969 208382581
214210324 214298366
85975487 86125750
26849970 27040517
226657278 226800328
238516093 238672600
201650494 201774190
214923351 215044037
252545036 252690161
203214969 203348524
250523507 250649695
265030682 265120983
230559213 230702851
114335464 114483546
183543615 183695497
189745771 189874261
191245209 191386050
221031368 221150692
204871880 204956775
257173176 257297827
261812371 261915441
234823957 234918623
208996271 209095206
225072667 225157574
30256216 30409871
29932606 30052839
166017311 166164396
150366434 150467382
207747873 207870504
215948636 216078500
203923438 204007711
205458000 205547192
214948018 215036333
224167141 224271989
83587823 83752488
113688356 113824009
155097199 155203362
165590553 165734384
189175365 189283313
199890796 200045492
197333486 197441833
205178495 205264261
221649577 221730596
163694751 163818112
226577873 226672618
174046823 174178174
55437713 55597815
56058326 56146413
30729252 30876000
118635283 118736383
153611313 153755337
155903399 156009367
167105396 167226404
193154472 193250538
198099267 198186618
199036879 199117902
156049985 156170028
218063056 218154927
225673933 225798746
76323986 76465325
84790644 84894041
154889040 155023210
135710382 135848671
182254536 182374771
178199301 178297078
172799956 172883806
167707834 167816638
177064424 177158872
184009381 184084010
85486293 85603837
97986929 98113200
57000765 57139186
29358844 29504931
158424145 158535409
168625666 168704444
184072798 184188546
192505666 192644316
220740270 220863894
221752343 221866051
151134969 151219072
158587600 158714947
143278133 143408982
119943895 120083410
67987308 68177643
187284486 187413447
179808140 179924761
175680642 175801673
189705857 189793839
157686883 157766844
168587979 168684078
182343877 182449740
146353292 146460201
192789695 192880183
46894078 47031200
26110086 26265538
160413632 160586681
203113709 203206110
217977433 218062274
222597585 222678246
226421187 226502926
240193968 240289922
248035208 248111974
251700238 251803136
144743569 144897343
271434186 271542770
26737880 26882448
143905885 144056341
182251121 182362616
181397420 181516344
185832129 185927512
164411696 164554367
172676428 173133746
225035149 225118040
236100486 236207127
198972536 199074293
102523920 102648473
26592019 26730396
157793220 157902913
212074401 212159573
229349174 229534017
230002454 230299341
238535511 238670016
215774528 215896080
254052483 254341534
220226792 220336825
131785784 131944817
230397172 230478002
229509854 229640942
196830544 196957535
217328651 217480868
250082245 250216352
227766591 227855456
206202073 206322388
212347397 212444766
218402347 218495303
231815868 231925400
264049874 264135177
206097543 206202170
227531580 227624809
234583787 234679873
202806982 202897726
242764144 242896197
237592664 237676371
196956195 197070801
242545488 242673929
220309297 220427821
214761243 214847421
167983709 168094872
222051271 222203387
187058283 187173837
199842805 199938054
233107302 233209075
210173875 210255724
258236619 258337196
266409804 266516582
250998514 251078108
233824179 233973914
26089246 26257338
65100561 65271659
161059031 161166016
180685423 180787512
223054450 223163294
229840111 229939293
232021875 232110239
237546552 237671897
229006706 229100981
229703515 229798611
118170760 118342074
31595804 31716039
28393841 28551157
82730973 82856452
140779499 140907795
154101607 154236517
160865757 160969906
168423063 168526086
174473268 174644001
185183237 185324324
120736600 120863794
167179040 167293808
61843430 61965093
31904540 32049614
57848868 57951137
143571649 143725074
152502963 152617985
187632881 187754221
203511007 203619739
202389143 202477323
159986039 160160392
201627764 201724331
140135274 140286621
201286373 204210051
60636031 60754330
32684200 32811984
29607663 29763011
185869589 185976968
194407566 194512124
199237926 199330638
206298135 206433033
206404639 206480386
210718683 210797763
227013727 227123452
127450433 127568453
52047262 52194704
55248184 55347243
132867825 133014537
152822574 152938624
181994878 182090919
154138182 154222967
198576461 198721850
211995047 212116954
192709686 192858380
236983165 237079459
102653779 102821358
78801010 78936418
25046229 25233724
122719853 122830346
167733278 167882845
152415827 152525744
180346594 180486490
150153364 150267148
221920763 222026835
199200170 199281246
162262091 162389289
217195806 217272829
96066324 96183577
46062969 46211470
34487854 34632602
22046491 22206622
157406000 157520628
173094795 173203673
180965891 181078561
185542275 185647789
223884484 224016652
218655941 218808944
221732528 221832751
125489118 125621659
107563879 107672747
96985930 97082403
32197364 32355816
160363154 160498179
192907924 193014059
157500313 157590605
211389893 211489871
243088539 243245137
161157215 161277491
193871696 193948898
202651815 202781291
232616729 232705585
77071300 77197568
26475200 26633815
130982325 131128422
138216587 138316120
142862631 142977346
150041594 150152101
202455488 202559522
178931531 179047767
176284992 176370299
178253335 178371229
166914011 167010923
52713031 52833063
57614086 57753622
99374869 99505736
160662115 160801741
153188496 153326259
193080980 193177432
209639201 209782178
189969533 190058957
205264015 205346292
201690112 201781719
182812129 182912747
85524943 85664323
46195344 46328058
34803083 34956575
212103578 212213690
225894775 226039698
182425936 182540035
198398133 198500270
212697523 212775455
168856072 168945795
236513778 236641617
236750838 236830288
191118277 191239317
99489027 99639225
127277605 127431689
212439628 212581465
229386186 229469593
218980470 219104584
181355045 181458420
210375966 210464817
223528635 223643193
215300766 215427141
252990609 253068392
199506062 199608838
33179035 33310556
146790279 146925757
204126249 204240002
187390781 187510062
209730765 209817505
193617861 193694996
248619769 248741481
231557406 231703578
224560163 224642892
224844236 224933958
24255969 24396011
21183952 21334054
197860960 197971632
216866464 216968713
224021696 224106359
231161793 231281982
260326063 260430860
263218390 263300232
214605901 214736055
298177922 298316987
140024124 140144428
288505693 288592012
27878306 28034724
158367075 158477797
171961239 172074002
184522267 184633612
172781234 172891018
218749009 218845479
220697123 220787609
224023717 224148732
216358935 216445923
219222788 219375381
115735986 115831571
53862052 54030835
63334025 63457710
41515436 41639856
37062167 37215073
140681224 140828615
138581881 138663153
150444409 150526626
152018984 152111457
159131645 159243829
162873439 162947032
84894218 85022633
79587486 79682174
104203866 104377917
58278089 58401348
192426162 192548811
225030116 225144877
243071875 243172009
206840271 206998913
281034508 281181375
265449276 265541869
214939098 215070452
307269115 307352805
204145300 204253134
206664287 206770105
36847797 37055700
49601114 49703559
28495957 28644882
170017782 170231120
164902384 164986818
194070122 194195172
209527070 209602283
189366244 189458740
231657952 231749972
242758349 242883121
243580391 243792185
227058598 227170303
73905959 74018953
79100712 79252128
127193672 127310466
178895339 179011064
186981514 187106822
169223237 169326340
202444448 202583416
206928462 207009436
176316906 176403279
207240075 207335134
194336898 194439791
25634895 25743998
24417081 24566808
127735654 127893838
148231715 148359884
175864891 176030598
176140181 176242056
148018617 148117719
170522695 170639438
173056819 173179628
192151538 192295230
198102970 198188376
97753658 97886614
18910726 19056305
28502434 28631596
36035592 36150823
201651624 201754777
198347910 198440103
221677902 221807685
188567441 188686162
229443295 229528224
247627289 247719429
245323778 245431309
143378701 143512101
85839513 85965482
131823880 131954208
31738110 31872232
64078551 64234531
67624653 67721444
120829611 120944843
165790936 165942332
215954181 216071734
181509306 181601428
216124543 216287389
204192240 204310043
221748433 221858568
225409103 225657368
229294447 229499680
231254795 231591602
27952124 28106400
19391347 19527346
113892913 114039105
189816167 189933441
170094385 170194483
197398336 197526480
186716437 186802143
192943587 193061094
216415814 216543924
146001564 146113661
225753261 225839519
120034341 120190246
29817989 29970025
131038466 131191358
156893837 157005914
202291560 202448253
188810406 188918590
191978123 192078880
186609571 186738480
206991215 207116230
245944955 246102749
209290502 209373623
149645111 149792372
31001820 31171039
27489925 27616466
20415641 20542833
162538430 162660700
176862524 177004486
193932577 194031289
178143433 178254976
210174638 210268416
208583417 208669477
131343456 131501161
223010772 223135369
119456023 119601580
155789832 155937436
86833676 86938518
91538041 91667913
82340937 82540649
76676272 76769126
33009651 33154577
38637601 38769763
161197821 161346456
165698763 165806596
202654537 202738400
174255182 174347642
231853299 231948571
233590954 233682842
253315431 253429978
252396702 252522603
131694606 131817717
85612085 85716574
27821938 27965916
62304582 62443136
138192182 138324160
187283279 187381014
162094427 162210745
189806803 190146249
198814936 198919023
217087625 217213571
199447368 199564055
262335625 262440765
134497052 134628659
63303331 63415044
33992337 34138345
24523176 24689683
48858233 48983586
151493518 151619255
187142774 187237405
221400870 221524469
219999887 220095703
186130114 186204764
244351199 244436638
205112887 205244217
162766225 162919638
87494337 87607996
140599202 140716578
27337600 27470421
88290704 88437024
180325777 180434491
173975533 174087821
218059647 218171883
184339843 184425290
185872353 185987495
224558573 224652880
178003367 178147316
107910761 108060079
194038210 194119828
85618154 85768144
177524357 177659913
214516544 214640185
216923083 217030188
194360028 194452253
234368335 234467896
188880279 188974406
203866947 204024404
225762012 225861803
111004238 111129713
47965545 48097943
26659674 26810426
141985912 142092727
188512343 188660498
183754393 183850183
199834272 199929955
225078661 225167119
243922833 244031208
244967891 245053499
249305531 249444402
183981000 184109100
102664223 102793798
23963536 24118755
39509917 39642751
33674165 33834314
166864078 166981959
145772801 145880962
166853801 166968834
159432285 159525256
165734356 165823046
166973872 167076282
180561973 180675686
118232792 118399165
75862442 75982192
60952052 61046607
212398016 212501882
205471373 205603379
239995727 240081239
242846232 242988433
253511219 253651160
173256910 173356393
174148094 174276886
259076978 259162684
245795697 245901387
221923240 222075301
24165533 24322034
179535293 179645376
254083554 254183063
255354677 255476304
239676846 239805441
237931806 238045824
242768538 242853424
247961076 248048821
256480036 256608957
232267409 232391952
82718168 82845918
29374930 29530839
166624540 166737629
170185437 170279381
189406220 189521215
176113225 176238522
204671812 204828921
205192901 205278475
231773844 231853477
199176444 199288616
256522235 256649676
79973351 80078281
82763249 82922374
180980049 181136381
177840271 177940648
169415770 169530484
221770681 221898318
171820003 171922229
233969763 234090428
227471231 227570557
213318926 213404571
240567227 240654542
48663985 48809405
27676379 27818501
91712902 91850216
146831235 146989364
194458517 194551367
199800921 199905715
185111282 185257276
192271076 192357231
197169766 197270656
163054798 163164368
202966228 203059316
76293449 76423469
23296908 23418112
27629858 27773648
161208865 161366177
184111151 184208306
192236820 192376568
179120410 179233616
180080588 180219826
192294347 192375370
140629809 140765349
192257806 192355280
200595328 200689683
77781487 77906317
33040096 33200109
75396531 75560887
128973942 129098037
195509555 195662769
174769662 174923971
146155542 146269769
194903218 195064207
202576343 202667433
194691310 194803564
204224391 204333253
232701166 232834566
68743651 68863245
31087279 31247381
52537868 52669189
97197732 97316797
164119271 164257709
139786022 139901583
146154515 146250589
163090690 163192818
127080399 127226570
157421721 157505625
165502245 165625453
194741515 198024987
70622225 70760967
39058419 39161684
88151609 88257135
125276992 125384133
153080487 153225927
164873625 164983784
118796161 118877314
164135164 164269282
137256888 137336140
117566674 117681613
154059897 154210425
125630092 125735543
35977517 36133409
53305630 53425883
40984518 41085077
44660753 44780972
46624103 46702296
247383488 247529425
335973144 336080033
335831420 335924929
378687221 378796840
374080788 374186449
278843759 278967411
261431083 261555552
229620683 229747100
216732583 216814486
224407386 224510744
36076856 36215667
54019850 54149318
194887500 195004035
188330036 188419420
203804929 203915934
223798246 223891238
243212420 243300183
240172640 240247690
249344014 249419799
135752263 135892574
119483676 119591629
95622936 95725418
145898193 146098540
175585161 175694754
221421164 221567232
212405557 212529586
195955476 196061300
222570174 222685263
166739726 166852580
226832198 226906096
203868728 203981505
214012108 214138204
26207250 26342597
211264442 211427737
214184322 214319337
166731057 166861551
206593119 206704627
159117377 159243265
191466396 191591564
198322773 198405429
245204069 245344213
137711290 137853526
220148522 220245193
29126350 29270178
180901907 181040849
140982297 141075736
191240996 191405300
228699415 228779664
227479984 227557196
227546288 227670476
250575377 250691423
235989784 236068185
258943692 259050584
80567567 80701400
141644612 141744641
167650930 167745932
177070920 177199621
144417685 144519895
169659933 169763383
197646722 197771909
164179176 164271616
170534156 170668723
78409402 78520521
222236364 222335558
229477482 229632438
224139449 224235265
183968814 184061742
188455653 188616350
270631129 270740151
235989473 236075290
228262168 228355315
248325257 248424616
231713262 231798781
192159861 192279687
208426308 208527980
283056247 283214212
276301433 276398000
248755897 248851265
250326912 250405367
257225751 257400093
255088500 255191976
318333856 318416640
265445110 265542040
28994696 29143891
187397672 187565533
201901090 202012019
174238908 174328110
190959078 191074105
213604990 213705575
202214493 202296071
214774701 214867222
207017264 207089242
208256856 208331238
101752502 101887998
24601639 24799290
137322547 137457654
145751139 145851845
175027814 175161301
181251922 181339830
195746584 195825079
196611400 196684490
209761670 209854605
210307479 210388995
236386164 236526318
90856019 91003751
105558465 105702748
152651797 152812944
176752357 176867057
169219381 169343923
198724040 198853634
210598054 210773754
225228868 225312974
227619286 227706808
183370197 183488752
49680494 49793778
26798383 26939884
31178642 31344239
37751260 37888951
165114048 165236096
175876415 175995072
210277063 210382290
172719199 172825882
205923226 206020619
205090657 205201780
226304095 226435361
140615853 140756504
89539597 89664223
47009354 47131691
42908749 43009934
89641995 89816882
173973357 174088842
192891487 192980796
205457054 205538013
195522998 195604447
212888737 213016090
226520167 226630071
237871967 237976168
220265883 220397028
74671292 74790640
69094990 69226625
105177294 105291057
134992632 135136795
146149259 146293379
207014133 207145286
166535923 166613663
234083652 234205384
189489938 189569693
227824356 227917093
186559483 186664953
155101284 155216061
34137888 34292386
30474779 30615282
24447843 24586585
155822599 155917278
178157228 178288899
193508296 193616383
190185368 190263760
234291273 234393461
241843883 241930145
241811920 241911385
123365742 123490793
178679380 178835449
86474643 86591783
35543292 35695469
26764171 26893596
125527098 125661499
147386373 147489708
130139679 130245972
187113374 187250711
179202628 179395292
209341081 209496960
213142327 213226838
205283390 205397532
106184698 106307650
103326428 103427049
44173388 47043745
47604563 47730675
148759832 148893995
183019441 183157288
190265565 190384863
209319598 209497936
185930077 186018222
194587327 194689702
219897587 220023672
110987689 111090155
120517314 120658147
256948192 257030686
34689445 34836003
24229210 24367812
84635109 84738539
120940681 121067100
120247542 121205219
170831457 170940040
165453933 165575149
135342350 135435257
149335354 149453602
171122854 171208652
95430652 95554076
66677941 66781177
59505460 59633972
52876440 52995661
88330980 88460780
155674992 155810709
151110982 151188809
110824689 110910510
97518769 97685654
119635695 119727459
166012787 166140484
152400132 152503693
50856257 50958454
53761307 53862915
26801910 26937778
78074802 78190324
96578006 96748539
72507230 72633344
108027584 108141876
60314021 60458490
108798053 108896042
109262526 109345225
110101920 110207521
112927040 113034168
22144309 22255067
63345323 63445007
70216159 70290793
106563390 106692840
40554209 40655569
104937840 105062110
126154617 126237914
150260935 150384867
151576536 151705231
159592108 159676842
133536742 133626537
72953781 73081257
83528226 83627699
55296135 55426810
68287663 68393448
26362200 26499928
77574139 77713562
123014558 123154175
110369825 110470237
125942550 126060238
159284361 159409900
137892159 138015892
127145389 127302100
118845527 118979179
75366665 75498107
173963532 174078631
30317732 30438081
45275801 45437223
45683052 45756050
78703957 78823244
111038707 111134158
82614526 82761615
129740243 129884597
119227899 119352768
125981239 126121724
120128631 120248714
109246620 109357267
70702509 70847896
72987331 73070859
54965191 55113532
58193002 58376139
110527400 110675236
108961915 109080159
178094237 178212634
163557732 163671429
202215959 202340627
149195378 149321139
199831063 199948003
164946228 165068468
106932130 107070872
79913544 80003743
