178329795 178596644
380648342 380852568
426369276 426914834
33924780 34149335
119553530 119797526
138064744 138223673
152187675 152326595
156024446 156152968
121926465 122092881
117692903 117974087
133362158 133858717
126900080 127035885
136873036 137440454
124522199 124664514
27600213 27872394
97652299 97834230
105342470 105487273
66416969 66605837
119244219 119432570
22050855 22288252
28348230 28616403
75796681 75959305
90927085 91134999
86093233 86244655
26988977 27218716
45982670 46234071
92232331 92450115
79743378 79875211
95407745 95560802
45255034 45467736
30680544 30893217
43818454 44056662
35147365 35296941
45182073 45419123
132333119 132485761
144894202 145106793
116611286 116802695
160132673 160271674
32468961 32713643
49599329 49800751
48476931 48623942
58098214 58245877
60147771 60331608
25883688 26121897
77736581 77975428
53101632 53250601
52124788 52312480
51702037 51853465
29239214 29411819
48524013 48747256
32678478 32855303
62541620 62701476
53100290 53309534
97437471 97611408
47976970 48209352
49366127 49497542
32639482 32867289
50269728 50465351
53930826 54338290
48696427 48915306
44908465 45048609
83455457 83633630
63759722 63971015
56275456 56482434
60432437 60682782
63646040 63804274
52188526 52483460
49374691 49515165
24895984 25066817
25610024 25832022
28446394 28626883
77994508 78218765
82841709 82980372
90328909 90502673
30997108 31178655
29210532 29394217
39989527 40174742
32318298 32529507
53136214 53283101
40386084 40522013
27378060 27632151
33624540 33805744
38910213 39062451
49560593 49721711
31934049 32131205
36975374 37160556
32381157 32556460
43148396 43399092
27442552 27602417
68547359 68677054
81423570 81636311
67560449 67753075
70173615 70352644
60729421 60972625
91265401 91400186
104488052 104695987
40489515 42169657
43790953 44013649
56752093 56950328
60230514 60404015
43871010 44057270
36965890 37221074
83061343 83247780
78149015 78307236
60554445 60713957
25527932 25795601
25914125 26156646
23620574 23772312
32189927 32392158
24165993 24429188
31281711 31464002
38805485 39025417
43331423 43477580
27671399 27885298
21523296 21709170
31558197 31852069
28605120 28837188
23072488 23234113
31608464 31838747
29871656 30059051
28268929 28468818
35565565 35832748
40032453 40318920
24780436 25098537
30736026 30942078
26318216 26486110
25284766 25501221
21878867 22020986
27161542 27382220
33665679 33838211
23683409 23911189
27025378 27195770
47774216 47964065
30511871 30732162
29099710 29357732
21185495 21350921
30472070 30649371
31846423 32040125
34034989 34252684
25134489 25289849
21750934 21935580
26697917 26869364
25755794 25983024
53197110 53355776
60440033 60646604
60837921 60976290
26406452 26588524
30583556 30805014
22855610 23069827
25005176 25167068
33073403 33249693
77753206 77917787
99593637 99826415
70973853 71153378
27687816 27907492
29038992 29265772
36954450 37125799
32666792 32856341
22764435 22922351
37322856 37561697
33369931 33537754
42965162 43146043
45799621 45947766
33488432 33720502
28300573 28534912
51769436 51889968
52769518 52952173
32281853 32476753
23711531 23870884
49262222 49414885
60601825 60833334
26145351 26326070
26394144 26561814
52472422 52691981
70312905 70461857
38513258 38679204
21146428 21318757
28709492 28922886
34664243 34882053
46420427 46612855
32201788 32362156
78099533 78257516
71285676 71413307
82218372 82394521
98171453 98409350
61328002 61472849
81358144 81470025
83265168 83470159
46050825 46210376
96007555 96250747
129684734 129837817
114984315 115136399
135050351 135167735
83052142 83215011
100984311 101208856
72524191 72665233
92316540 92452783
19369105 19581942
76652556 76816350
94284313 94416536
78530342 78657911
38753661 38998855
97640397 97830151
74499799 74638115
95907085 96028037
24025712 24243743
30265449 30451534
40802892 41006186
40911640 41039288
35213852 35447297
22487891 22696642
44231854 44428937
36862923 36992841
50582621 50777781
30842161 31029406
32852660 33011589
26172329 26310246
32881188 33097757
22047853 22209133
26294064 26509063
24632014 24795922
31248075 31521381
25810919 25978414
40325316 40556690
27850436 28050697
26352254 26575193
21486648 21649160
49548646 49767583
43725742 43905170
32427613 32605698
27621164 27803315
68836251 68986358
79448657 79700559
53986814 54194875
21315284 21478458
29423509 29632652
86833896 87033774
80438037 80630622
60323698 60798783
20024212 20239030
33406970 33646398
55752588 55900078
57514348 57730840
26802475 26996640
30566543 30766564
62960845 63078411
72137466 72379618
28322754 28503476
34931234 35137446
70046796 70274232
59152580 59279425
53313571 53490001
25484213 25653884
26667927 26893499
63052441 63192574
72629592 72776062
50068144 50249409
34392883 34622959
59508173 59709957
56040686 56165888
31662793 31888382
26974826 27151341
49084505 49276936
52931620 53060905
26788501 26948034
31618951 31836887
44226183 44379710
56846222 57053274
31815242 31991005
30216868 30375303
67140458 67273012
84453951 84664972
54111697 54554417
22564784 22724498
56994694 57204783
56726316 57151116
82723703 83135496
30055626 30199583
26181606 26382891
80650785 80811448
81895600 82085543
57239667 57395269
27262179 27474808
52022541 52262571
50826063 50984209
52507716 52749517
21062656 21278314
31358576 31574211
29764838 29973758
21290356 21505253
49463210 49677437
65965230 66137180
56672615 56893916
21507267 21720471
33568546 33779552
57771361 58002653
56192121 56340323
29526781 29725055
30937852 31174230
27162200 27371259
47546299 47723834
57005699 57176481
30601087 30832123
33879957 34103569
55141902 55342833
42096270 42251703
34536080 34745608
23325565 23547939
33558231 33864044
32044383 32243925
25758433 25984030
30897728 31104948
23261538 23472382
33021513 33213961
28600268 28768634
26791419 27005478
46151857 46398664
38206215 38338378
55022612 55240106
59111864 59229939
30002717 30264093
23064948 23222661
48907836 49043648
59824714 60030239
55933907 56132597
54863886 54995032
54883613 55120411
47168422 47403037
30698979 30886169
36719592 36883687
50984034 51119072
58321983 58516071
27920611 28385237
26464445 26639705
43288742 43503961
31343808 31505637
33851531 34000941
26856583 27008477
69313403 69536706
54331373 54505862
75882686 75984122
56460852 56594019
74941407 75796384
82254988 82398479
40301540 40454879
57357947 57573689
58385490 58501826
32928731 33168124
45461189 45661560
34488228 34713312
29112408 29260803
23611818 23822825
25071511 25883301
50478080 50702137
62257609 62393932
29616732 29778211
32160314 32324820
32182853 32397704
34187666 34371649
40987999 41190946
45346170 45514109
25585428 25793633
25810900 26639606
41048068 41250444
41695198 41826945
34231076 34462255
45782399 46021663
42828205 43037601
39801479 40054512
30548871 30791680
32705616 32848162
37900042 38051796
29579898 30098073
26094654 26300873
27447823 27664423
23737928 23933218
31249084 31468317
21059964 21221587
26539027 26773068
27650052 28957400
22908203 23068548
43783002 43985871
40719356 41218814
23573430 23734653
26489985 26672435
29189981 29425872
21708342 21874923
42036093 42452911
48790719 48982204
29193428 29411736
53782648 53933959
60111936 60300305
63014442 63137576
80929548 81133245
23945889 24127232
29480801 29694432
27497037 27919582
20458117 20598673
31416362 31580124
22477965 22651598
26898957 27078740
37583081 37822177
62007790 62202491
65426429 65548802
50954044 51192486
50527279 50679950
44476662 44663217
48053039 48209549
43515991 43638783
48707951 48920968
40040664 40244121
39308164 39530033
43444639 43576412
75673807 75909393
71918931 72040300
63805624 63931464
55239247 55387459
61682195 61886620
66291540 66531126
71558782 71700560
57158088 57270634
41875576 42045995
40181218 40310954
24035960 24220772
42945706 43075387
61009077 61207964
46887632 47050489
53496845 53615682
25207054 25401814
38716337 38920225
35836529 36004198
60768720 60926309
62273343 62462252
39823912 39982770
24650546 24835995
44946248 45171990
65392127 65521684
84440639 84660910
60288382 60412524
28939845 29138505
27674171 27838795
68171237 68309370
70861352 70990317
74485432 74711076
31032822 31236969
26554996 26720127
55528397 55745512
51166896 51308062
66740348 66874521
34272891 34435098
29302926 29460720
104969508 105127433
115748429 115994549
106361614 106511789
78670210 78823567
98513559 98667032
29821000 30033886
82257090 82404826
120816147 121018013
88190354 95643760
138828860 138953353
26413001 26592246
50633596 50758204
110912729 111104775
120771970 120958542
109388250 109540838
64332773 64504373
44785743 44970950
33498989 33645738
27282128 27424257
52999218 53224428
54901459 55007600
60149157 60367088
60586869 60705090
21300304 21432553
27673860 27865551
24948031 25110371
29318048 29516672
32830120 33050638
43410837 43583785
44719877 44852629
55691257 55892728
53496456 53610117
41129816 41284230
64712602 64905619
54268575 54413875
69242743 69384596
73409291 73592874
72500077 72652700
31891000 32035903
27887037 28021393
39131646 39343595
44099311 44260626
35442103 35612592
57823546 58028666
36326486 36511906
89972834 90184650
87118946 87257373
140345934 140481635
55210020 55605099
50260281 50420628
87651945 87771959
90485218 90669241
116398476 116538685
99732878 99910541
102954499 103062495
32974945 33163546
33877697 34039591
44865084 45014601
57172524 57282674
25115134 25299121
81032437 81244768
92089480 92265001
97190446 97300847
140002186 140119471
37374860 37504674
49064907 49259685
33596195 33739481
20240941 20389348
28367527 28526619
28098808 28221105
68627330 68760950
113347756 113574555
103629375 103766032
78973294 79113307
101772594 101964618
104303322 104547389
97498272 97629767
101943464 102069778
87708233 87841643
91719735 91838344
23632215 23878246
95579805 95715902
100620267 100734898
108168737 108312504
96962581 97079314
32859554 33070817
81407538 81550790
70973475 71087736
88070511 88247129
107124745 107321952
26911569 27332745
35353208 35563623
104106508 104249155
107196086 107323138
98339441 98765430
123093522 123345934
22201374 22349994
116978989 117203510
114561052 114689755
108244359 108620664
115834873 115979650
83996541 84145459
73265850 73481952
112404247 112538567
123681410 123799992
118331862 118450999
100551345 100669026
59429496 59670922
55585393 55700975
61018327 61531611
76076866 76262406
72187434 72314282
51884767 52100576
58264418 58383067
42309655 42486899
66614330 66827786
63769469 63892892
40178188 40352250
52510285 52696411
23576276 24052137
37314168 37476822
35383092 35569882
21749478 21967747
95970963 96141102
109665908 109985505
66237607 66416807
57630694 57802495
32295913 32561468
48675111 48921739
55608778 55775700
31019149 31254618
58108092 58355536
68196545 68401377
72115228 72290010
43263599 43409871
26280804 26495857
44500739 44701219
52250669 52418558
50635792 50794378
45066986 45214428
31648604 31812065
36034592 36227620
43039409 43238757
39715415 39849761
27362668 27509812
31973022 32147012
26991858 27206502
72166509 72377882
104312186 104433525
117968991 118101262
66418299 66588016
22443502 22635453
33348649 33575564
26878787 27020019
46619510 46779763
43199242 43342280
38383351 38543732
20888451 21114289
26590053 26786468
40564522 40710882
31729398 31879714
25595608 25758731
27655758 27831886
52265721 52429393
60990598 61202842
30171638 30365133
53605528 53741204
59226017 59355072
39475541 39671570
36722602 36940824
54949137 55172846
54794471 54944885
39943464 40112532
27275450 27788739
25381084 25513301
25263801 25431582
39615968 39761319
38923544 39065875
57009906 57219756
77673274 77816037
53166140 53333887
29789387 29935799
25229615 25405176
39299417 40559887
28400730 28565785
24121505 24279070
25838394 25993587
46958182 47093892
35380601 35567933
46403066 46580892
50422881 50616134
39060249 39229845
35084385 35515071
37701543 38432352
44370702 44495878
55239606 55400138
59985514 60116523
28133569 28300498
35937526 36470160
24048641 24185820
32784179 32941590
62538437 62737771
57760339 58171579
26934811 27710783
28471141 28649123
61764740 61913271
63112837 63234131
80649192 80861772
48154958 48616738
38378213 38513815
33963512 34176295
58618462 58790701
47118712 47506712
21886828 22325775
28642750 28789698
90290783 90477127
85470123 85609954
77081782 77206736
41869853 42404879
32409892 32565244
36300064 36576631
51272892 51442773
40369239 40794004
64374366 64820186
36939633 37111841
31408808 31651338
53426352 53625403
64152670 64338202
53917206 54329212
26813449 26965258
37691248 37912013
25535430 25742786
56424395 56840923
65339160 65736159
25325409 25479491
28034171 28205296
25118661 25318638
57776328 57961946
48244694 48445509
51531183 51665030
58808196 59004054
42672813 43774076
56246277 56445287
62580035 62765111
53333332 53454428
71784126 71898956
24268321 24453072
26556565 26691714
50724538 50897690
81138253 82440452
57157919 57534196
85938386 86130766
46743001 46896672
61457676 61693641
81763375 81935055
73963673 74173283
117210374 117380303
47124216 47311461
43227127 43402511
52175065 52355782
32691927 33134483
35858501 36031963
39005777 39126595
41258454 41457826
52313927 52456574
41497181 41619523
24055612 24260412
25253808 25406569
69026559 69304127
75233895 75361859
66108166 66510697
46421614 46543688
57943324 58129154
26935182 27141336
53102340 53326289
53861549 53964089
22251616 22447727
46280988 46496978
46773825 46890919
53500100 53645950
59875947 60039192
77429546 77555103
55607095 55802502
57607080 57733738
42175635 42357160
39374492 39519439
36458614 36613970
39362012 39590824
66229065 66428402
89454134 89620362
79847271 79979730
61857614 61986992
27536364 27778917
34078279 34278946
45163904 45309388
48245127 48378734
54472829 54600971
32612775 32855029
28047368 28238560
28335231 28492362
42238693 42372961
43616086 43734215
26102910 26290302
33576634 33807576
25204126 25398148
28847832 29020379
40692791 40825497
36025939 36150943
25004203 25184365
29463312 29635706
70660052 70807705
65799430 66189643
93269553 93463262
49077699 49239090
35486742 35602870
99356699 99521959
120390031 120562979
123477298 123584336
64177648 64364254
93281181 93481262
24038380 24262635
31243743 31713569
69090400 69266943
59085372 59221012
41273780 41439803
30216661 30469834
39921934 40078612
46147952 46317689
50382863 50506924
33948394 34083533
36145837 36405722
26355081 26824777
57013390 57144517
67521355 67696584
55173705 55292910
25791055 26237398
26785872 26954652
36181157 36393504
59686812 59875428
63307454 63413264
47890866 48069810
49673214 50068823
31902344 32062031
53397377 53521744
67692389 67822883
44392507 45010264
56811441 56978770
27480804 27687470
77121986 77262353
80961311 81207880
84800810 84955737
52836054 53368285
47388958 47529261
30018358 30182440
44466120 44889055
54483768 54623952
25643614 25852869
24466358 24624326
29134497 29324733
41795253 41927165
50867434 51026528
61460521 62027612
56013134 56175786
26990055 27139331
27020408 27496460
27690854 27826025
25664163 25881609
28418261 28605444
26345137 26591039
67031561 67216836
49084788 49219186
29605170 30008833
31162472 31297366
23558914 23734326
59957022 60752234
47198041 47318161
60169181 60301955
26834364 27070215
27065551 27240479
52986388 53159651
57971827 58094369
66231556 66383517
27103382 27249627
26536930 26749651
46475864 46622930
57815169 58425835
30205915 30443987
79217681 79352843
60853218 60983106
92503619 92641694
42026194 42192340
28314044 28525934
23038039 23183021
70038663 70250432
79195697 79326145
54891225 55324100
22876278 23062523
33090148 33243196
27281454 27494152
54585726 54739802
53462436 53578813
43621260 43775125
44736993 44916100
59431308 59560179
102935580 103125938
64015853 64481662
54499585 54665503
70057240 70184957
39065436 39197244
65472977 65660599
39474735 39630980
45460050 45660400
47626502 47747170
31174738 31373844
28210369 28416652
32648820 33067910
47139191 47345535
39020614 39225848
90220689 90534187
92193883 92327407
92664507 92804559
55507110 55661463
60325944 60490969
63447454 63647756
89446516 89594361
92197638 92577096
62975123 63163992
51798301 51927771
28116248 28376642
104952067 105095396
115414538 115597582
82115013 82236964
98524709 98644420
39690590 39902676
47851516 48030702
95526495 95701291
82031095 82197013
83566437 83679311
27875512 28064593
36368699 36597509
91882132 92015057
101882695 102196818
110396239 110581758
51842472 52013585
25765670 25993279
65357710 65581601
98077069 98300767
106125572 106290732
96543739 96715740
43829366 44021348
32902806 33138289
67084557 67276695
94402479 94580369
93795743 93955530
95944310 96058098
27438592 27651067
68915936 69135098
74535508 74696723
84166985 84310727
74501575 74643883
26404669 26569126
41475669 41679946
50001953 50173991
64846517 65038193
68262981 68381459
47901797 48088865
42132427 42287208
55464329 55670023
66389908 66527703
70416903 70596563
64886392 65017022
42016941 42249476
43116657 43283291
51132945 51309372
61573919 61768777
57253035 57463862
66804207 67030746
79512721 79664415
47420061 47608707
60460156 60669685
58960119 59142017
55187415 55379719
39467917 39679427
30891455 31139986
26848367 27057941
27601777 27784692
53656743 53850848
41033919 41208738
32327832 32546978
22595053 22809405
25061273 25225340
40755367 41162988
40391910 40585043
24620633 24843477
28373786 28562041
20980116 21144071
55301220 55444708
62899307 63113233
28805892 29052363
28995102 29167547
25510569 25673124
48422914 48921663
58288259 58403694
37303995 37446373
29751860 29958754
23273915 23435760
50078989 50289811
57935297 58091229
45355605 45543018
55420795 55577218
61412942 61586587
28174665 28662709
29501299 29699866
30618937 30844680
32270961 32496903
61450584 61606122
59325720 59495315
42008891 42172944
25730540 25949276
58286022 58496243
68871932 69043647
59358160 59775914
43115098 43247590
29320384 29458554
31396677 31633836
68229829 68409626
61999357 62130511
56359967 56488287
47888229 48285406
27901620 28103701
68277385 68474262
72044315 72460646
68523008 68640645
76187635 76381760
34140655 34380549
75875756 76114167
82874371 83023082
87384148 87538538
53988778 54441795
20596722 20761170
36919340 37118118
47992924 48175689
71832655 71981389
82114826 82252276
52093747 52313738
92442085 92580065
118100131 118239008
138291284 138466182
126523891 126656212
123285683 123414108
62909627 63104545
109449789 109589373
99266333 99397050
83856707 83976410
106806337 106923484
36154611 36361123
42679771 42883857
85250401 85384400
96149652 96313214
107653805 107817800
22777755 22960352
34372549 34574713
70782092 70931444
72885495 73071872
54806497 54968125
27310689 27448102
27333368 27562072
61875942 62089345
72048039 72201972
65159181 65280758
43661449 43837513
29629372 29842291
31071090 31273456
102157369 102374735
102885665 102983651
114634960 114769707
67422977 67598639
33657191 33897702
22897107 23124691
44798795 45018151
83953843 84105619
87572863 87714643
70903332 71050365
76754013 76927396
22882311 23086413
108867127 108993483
110949576 111070635
124831505 124989315
82013346 82174985
26907336 27408006
43971523 44178286
52963023 53122094
81186975 81342225
63847957 64015767
24544181 24797962
25517255 25728013
66105264 66277292
64546506 64694336
74244264 74387739
25070871 25490346
30666792 30877683
27085250 27293756
63532735 63657056
72281297 72430133
46557187 46693773
27793200 28007709
35979294 36153357
51833254 52054142
65362167 65486504
43965639 44103623
23921792 24108597
32157828 32350651
48646996 48802462
29697711 29839224
20603880 20752988
32745142 32892843
24555914 24788878
46855613 47064700
37578518 37728667
43887666 44145607
43570046 43689679
27293715 27468762
31214637 31382945
23850803 23987692
51010246 51143797
55638210 55819582
26818614 27027843
32560826 32762958
27425611 27581615
75494982 75712918
86310459 86427378
52824855 53037289
26764201 26945443
30235840 30392546
36493659 36712409
79002402 79194400
47792974 47951199
26931680 27090806
26652098 26794591
29024546 29237149
33705968 33876341
52598728 52776834
37093293 37268555
27635455 27794061
28879403 29094131
22403762 22630891
40259880 40452832
47258851 47397153
39880277 40071820
52671372 53554501
54527594 54666674
78717646 78914912
105216442 105377119
109826180 110029528
29389287 29596975
29217729 29419364
64968044 65182924
79448590 79586420
66073550 66214970
27937056 28112764
22401815 22582070
103264077 103490293
110615696 110723537
99096401 99276616
105301733 105428614
73001527 73182393
124117709 124396589
121617738 121741321
133007934 133138573
131102156 131234443
166063437 166178961
89669690 89887030
114013975 114182357
123413491 123530944
111206579 111325150
93346157 93526852
97989421 98217851
105763296 105890428
110827210 110968313
112429733 112537232
114525295 114683380
27886023 28125734
105093700 105283344
110881053 110999445
92229207 92426321
124317826 124526078
104884415 104994614
131943983 132087771
137508327 137622505
142827970 143073783
126558886 126694624
108858530 109235468
50211471 50444868
80086928 80278479
103706680 103830630
105360177 105553846
96019472 96146449
33466381 33679833
34587773 34773821
34817317 34957998
37392070 37529040
28142238 28609596
24297456 24523761
57689796 57922132
82640956 82855148
78221301 78373196
45754105 45957937
28223147 28403668
60243449 60401305
72689778 72897363
87759709 87954578
99984233 100160055
74863220 74999025
66081752 66302081
67883440 68147781
81348438 81536882
103948950 104152023
96429532 96627602
116539911 116694758
107970534 108158731
88294552 88480909
34130215 34267464
30853675 31241449
31659115 31804173
29250146 29482879
30881219 31060021
30325794 30528408
27078845 27220685
25731919 25888499
33035870 33178779
19608932 19754569
24011943 24169258
23510419 23957757
30022107 30177638
27408188 27586358
27018360 27199043
48057685 48264776
52586391 52722825
50406647 50536074
38768320 38924306
33781923 33948655
51604205 51810964
55728790 56111325
32711974 32853615
23462587 23624978
25186642 25329274
27327053 27507662
62747565 62970874
63173620 63285074
58811950 58961058
68170845 68303106
26403914 26644636
42151481 42332140
53592449 53722711
42061172 42169377
23013488 23215193
41214826 41369210
28008470 28180648
46031646 46196459
49915550 50036881
33919409 34064641
29686461 29821640
27213002 27367540
36286396 36493264
43921980 44080997
26163363 26570006
32223945 32377857
30071100 30235799
23474140 23674133
54900191 55020910
96818770 96984985
54928383 55105796
24079736 24224244
35099885 35679860
71909479 72087122
65862970 66304662
74151781 74296096
57373121 57512025
20869792 21032663
26880019 27083912
66041589 66175481
98847369 99025397
58798534 58927060
23660992 24106400
24199139 24382522
81873458 82294381
65667114 65799743
91535947 91677047
57117312 57251455
34682391 34837026
106459306 106653326
100640480 100754500
101846250 101989872
82570581 82966382
32089724 32216315
79521375 79997483
72343003 72481820
102608971 102719575
121531963 121651351
122799513 122904460
27586835 27800378
76648464 76801641
63208889 63357283
69159551 69273575
60584211 60701342
19133788 19596964
75652854 75837994
90329499 90496514
102900522 103011927
68790224 68958875
27700738 27869978
53464973 53690826
75530801 75728203
61109046 61258203
77163175 77336708
63587543 64049496
29300486 29510672
71890990 72048101
91962111 92164481
103327930 103450083
40738641 40913597
36262841 36505118
108939579 109145230
98723221 99112892
81218890 81632030
129678032 129816516
49161135 49313894
75550989 75690417
107152427 107342748
87948343 88144985
110991714 111112104
85978674 86128389
56676350 56882086
67099514 67309554
73800939 74492142
92933744 93401327
75694077 75813395
19416070 19620343
43369902 43543983
70175436 70292227
76752949 76860975
82416594 82582514
27574398 27780764
22694329 22923057
76873876 77817299
74093443 74203705
80562153 82363866
20612406 20745851
27665188 27862863
86625630 86826663
82973102 83096661
81864185 81979445
57368547 57536811
23760212 27935899
26481664 27706516
26373323 26560940
39101772 39680723
41529687 41731600
69446484 69614416
58250849 58402045
37655615 37832927
24160274 24361598
30412681 30581322
71558558 71701478
67299529 67682242
36005281 36164956
28237130 28745887
32410336 32551359
30475617 30654251
