287958839 288262276
423297978 423807494
424465004 424603548
88559214 88738054
37246726 37653032
111695346 111849684
124373596 124571822
123412529 123568304
134084852 134223420
32792355 33002657
93845381 93983696
137931043 138099739
162443644 162586963
168057424 168275723
117903856 118131430
48849615 49106529
61752472 61908985
74769571 74904905
57364839 57532882
62017653 62138114
27876430 28081510
55391220 55587361
72210263 72335391
80290053 80470457
71381312 71517901
26410616 26602472
30239619 30459321
59601562 59765990
79186243 79345559
89919194 90081673
50768709 50911825
22527025 22749354
25939295 26102982
31374237 31593319
63585584 63884951
74424966 74558333
83132228 83306949
87213118 87360100
26503456 26653442
34073496 34297535
28335928 28510340
60667672 60866360
87629063 87741328
87650252 87803158
25345096 25527940
29958938 30158403
70883218 71146570
71857295 71975094
67464067 67656239
43763282 43942872
33940715 34156069
34848971 35031020
30230559 30423034
45359122 45516681
34599189 34739835
25768614 25994123
33225779 33446762
31123441 31333587
49533798 49701677
42989294 43135177
39813028 40041400
32892351 33050841
28159421 28349494
49358549 49539139
38551113 38716915
32282518 32517942
32649877 32889881
22547100 22711557
28503630 28682689
26408284 26560512
33195376 33437976
33468439 33690284
46461385 46606788
55185303 55415671
47589288 47809046
37067444 37252266
100320838 100536086
119857799 120063933
109615360 109862111
79724281 79901781
64255703 64428289
52043691 52350094
104501188 104692777
146784532 147013896
200129870 200358575
128434246 128640136
129419675 129628795
65862926 66024767
30586366 30854827
28366222 28550513
31542396 31738572
29758715 29936995
28590596 28751795
33308095 33468707
65740256 65956478
71971219 72102836
26696675 26850420
29930696 30162183
27492351 27684748
50678493 50823689
48770950 48893276
33391566 33610988
27504301 27669441
60294309 60475662
56031573 56152392
30347599 30529217
29587724 29800622
44832649 45055330
29770273 29950885
29825716 30028563
32175134 32355071
23209151 23694366
27324432 27475689
27945416 28122865
43981517 44136716
28165034 28326033
32599563 32799133
27703902 27884796
45727585 45931941
44072039 44223037
30578783 30723254
30178538 30416413
26741018 26960447
47078843 47304341
45367155 45522733
49946888 50176245
63465208 63601306
53273513 53470109
43199582 43363059
32474795 32704739
25614493 25774961
43042029 43263201
31501658 31691813
30104715 30312721
35498608 35703144
51324949 51464712
55653510 55873770
24890128 25082568
32531924 32769846
34196416 34432909
30540911 30743405
33692887 33886032
30524312 30693623
46702475 46955671
33481066 33701439
36565884 36789262
32555738 32750243
57704885 57873005
67195399 67466825
27242127 27408989
30619571 30778657
33137639 33350991
44205222 44456624
62509574 62773817
72587107 72718363
27850808 28036329
28313372 28575742
74336783 74509507
68979475 69134517
33802726 33953319
22491361 22707698
35876860 36040770
54443395 54636569
46243861 46371406
32642248 32880416
23362395 23542972
51922720 52060650
61113321 61282835
38801048 39031708
31492343 31667480
47963085 48189808
44633443 44764561
21237383 21424757
25339419 25483172
61128612 61325585
64305126 64520734
44232904 44387076
51061059 51203471
27323577 27813827
43323348 43472472
45504941 45657162
25123582 25265379
74244809 74387631
77160492 77274780
101055022 101291320
74576724 74707729
94775845 94886847
97911967 98095020
98213182 98342048
119324358 119457071
125359280 125510953
142609354 142824104
130403963 130519403
27813045 28023000
36519388 36661951
34843063 34961326
56933772 57071768
26554851 26747734
37195942 37367934
53963586 54134552
39272166 39392855
21431874 21616334
48236883 48472449
32290802 32475485
27176884 27386960
24425406 24661580
27071602 27275181
29083235 29294409
22365927 22549002
21916761 22055702
57689406 57877513
62693887 62893629
57634623 57818507
61122466 61236953
24529279 24761813
62535414 62710774
70040425 70202172
49142764 49291065
21253176 21445774
59874884 60063812
69310978 69472503
45251356 45425633
26919791 27088958
26590051 26801929
30340955 30492897
26437778 26584787
41881390 42080836
29923506 30122356
36401042 36577017
37120684 37293783
26685540 26871862
26968894 27230213
45808473 46031863
54447359 54551327
19556959 19747174
28739103 28956534
34858436 35121685
51036621 51226889
46261904 46424575
25874703 26062658
32602383 32807439
73060973 73203668
67592986 67725201
82748900 82954459
31330392 31549825
72099309 72239168
84922206 85108106
79841325 79955659
22323966 22490912
73122218 73358267
68278885 68455709
62488045 62618684
27177456 27364343
46162405 46353530
89400679 89615916
88847403 93214663
80505601 80653054
26860674 27055221
33815274 33998849
43574998 43745945
47974051 48121822
30088211 30311757
31855298 32062558
30503637 30707540
34232122 34374225
32266904 32436190
54216117 54451514
68027024 68166197
58519220 58673535
28458666 28609026
28740808 28934397
50595572 50720471
54613438 54764069
27033076 27160827
28466175 28690910
28174919 28311768
56580301 56746584
58775871 58882750
29045101 29234567
24165368 24296212
63618659 63763327
61444794 61573985
29583841 29783144
28877451 29010422
55529154 55660652
59564367 59762692
27421783 27588810
28032285 28252900
54157130 54378167
56341636 56449828
81875034 82016850
108336018 108521274
106780827 106924223
78988102 79119521
27288503 27515997
25352034 25554217
57240497 57394106
64924473 65029657
21658414 21851359
27405678 27571212
68051460 68258250
53133770 53257771
27366234 27602986
29519211 29710821
25829102 26034909
25618400 25780312
32793061 33003891
27025284 27281296
34814092 35023656
24462101 24643970
44365896 44536666
33800198 33988979
35170966 35411035
22358683 22553309
39684093 39836809
52614307 52776788
49317651 49521407
50550294 50686002
48775984 48997102
54353306 54453029
45386499 45560545
56007988 56177923
61833084 61965472
82949951 83119543
45853398 45994019
44632336 44766113
58820151 59019984
51271935 51404057
37786227 37965624
34605026 34745230
72484761 72611431
75009842 75191958
45817423 45986267
34698109 34829196
53065176 53249506
44626134 44748806
45488913 45629003
25205176 25341605
77822084 78035284
59301789 59425245
82778450 82890335
51125921 51400078
49634642 49828074
53300297 53403807
22244886 22406018
21768929 21981125
49139783 49345270
61903708 62009891
25513765 25718457
22230952 22413046
48175198 48377274
53931738 54053890
36581995 36728696
32483608 32619530
47611185 47776131
30750398 30905227
26816264 26972009
32232169 32370465
22814548 23016355
30142613 30309017
28338190 28534775
33677548 33836370
26108773 26321496
19345192 19494257
53001930 53209712
44091839 44244359
27176203 27396110
45389281 45583498
46012797 46166022
48205743 48373128
82591133 82804269
46176621 46328491
22657105 22855101
24272702 24494869
37446882 37740640
49187247 49348391
51702437 51833620
42152283 42305355
27663382 27919049
29725226 29867769
31040064 31208333
25640306 25808523
29400449 29612517
26571838 26768541
26288914 26431248
23490374 23696830
37280673 37414456
33408430 33550547
46661356 46876640
43527313 43660418
18885400 19116805
32196517 32391672
41732434 41845393
49164504 49332373
36483317 36630476
42883933 43050398
53274689 53406579
50115139 50238787
65445728 65597596
21194492 21399554
32051192 32229044
29688508 29823311
40083985 40262352
40726509 40839759
60741856 60863888
62092050 62264103
24919943 25051943
34277622 34425634
21750652 21912590
54307556 54439852
58468284 58657949
76374264 76554961
83086548 83203060
58082688 58198645
55112881 55238207
64639300 64820277
23157526 23367541
36558594 36769054
35796422 35913537
36982521 37097294
76184546 76422806
46730242 46893034
47853428 48016828
54560019 54723782
26646490 26846336
38443310 38580939
30887416 31030666
34771807 34912968
39291184 39411968
66598981 66794451
120083226 120242181
105082711 105218091
72411509 72563355
78909812 79074084
34899990 35122683
26130549 26272892
20377826 20635709
50811764 50944237
58948975 59082622
24291845 24470300
33984511 34203211
51055237 51255126
67537486 67693550
88144445 88252661
96448617 96643991
23555830 23719899
46345291 46551130
61745954 61894855
72868975 73041774
76935113 77067582
21849710 21993914
26308690 26572530
61949743 62132792
74698358 74823802
55453878 55613576
49990599 50112607
32473025 32696125
26505640 26719677
73913774 74068763
80388516 80528868
48492786 48686815
37853174 38056208
25470897 25670964
46980408 47220497
52507474 52640792
42576243 42779267
36446995 36622648
33817616 34022790
27836462 28117048
47189307 47371702
50498323 50641795
21147758 21354420
31716165 31891316
29902675 30119294
37266985 37458731
28999445 29201099
53954649 54152333
68387304 68500223
26229755 26464444
41818465 41950891
48000886 48188104
23840224 24072792
61385173 61606700
46575178 46716800
52112522 52251622
84546719 84765775
34440464 34596296
54690952 54922896
52937209 53076420
79190952 79460722
80310384 80521744
67968057 68159894
39732295 39970612
46625212 46767945
25285762 25465473
35612113 35824172
32615269 32823283
75713191 75853379
76800657 77017413
58212962 58402022
55499601 55691062
49814569 49927973
51998261 52241090
76976433 77119480
70685729 70823617
66128893 66239577
89876126 90024444
41975961 42205722
49703790 49843567
48343045 48474297
53827876 53955037
26653881 26820596
68318838 68514534
72928003 73071023
66495809 66612825
27190212 27338584
33783474 33982007
44251272 44394424
44689842 44823001
35122238 35262888
26298002 26435831
31984790 32155421
83327484 83554910
99239991 99392314
91373772 91558250
89867986 90027711
26606895 26790511
74460302 74650334
78044644 78162445
104525123 104639267
105163200 105307534
42163775 42308051
97610758 97725248
115223489 115418880
109479775 109645598
117522451 117663116
97609839 97747684
121609959 121843432
142468534 142673990
132146941 132275622
147304798 147440162
134557937 134674684
26385428 26602042
101999477 102155633
112524981 112748977
119049140 119160270
99104213 99255602
28260946 28420138
72508365 72655590
106508923 106742860
73740787 73913679
104169026 104295563
126536617 126663526
36973882 37198893
71131367 71326437
66528622 66642862
75871689 75998190
58362195 58478468
33370464 33633012
42453955 42664376
50957100 51098442
50013735 50210443
53608722 53728932
22708645 22930393
38050518 38259210
23990198 24142750
27557551 27723339
35916469 36110249
31699436 31876616
37360590 37569559
32087711 32276550
20530939 20690703
48504786 48701371
46090126 46230329
69730297 69979433
53760527 53897800
59545370 59673456
60110275 60276804
75792843 75912015
32561117 32772193
32603220 32823224
31493391 31723355
31611665 31783265
38129117 38277618
37467105 37606620
28160252 28312289
29178353 29356100
30578033 30740756
33326336 33483980
33469375 33603321
29921162 30077203
34564231 34758829
32056189 32202339
27448834 27668009
56667915 56832294
46731231 46864551
34368474 34582064
37569686 37763852
26681375 26839569
42214788 42346900
48547684 48717668
19113498 19260692
22241577 22433204
29088110 29265845
25511157 25711972
23912170 24082343
26982061 27164329
49988084 50142386
35293385 35474964
23948430 24239692
34582801 34722232
31867813 32057963
21754263 21910209
27493581 27671021
32771402 32990528
39470347 39635802
51968939 52125652
26531080 26738801
28271084 28409211
27810252 28010109
55817818 55965623
64187531 64376120
34226644 34431813
31243634 31420940
33658906 33842614
22191370 22337537
27395938 27559630
25152653 25300004
44663684 44868669
24827993 25010586
36182210 36375207
28179442 28327733
22544351 22709765
40341217 40544512
40028090 40223927
30400751 30613846
45555757 45729028
44284903 44473727
18946153 19093218
24458242 24620654
20322989 20530899
20610214 20807790
26648220 26809214
22729267 22879369
36509341 36655799
43462302 43660497
39487179 39620466
20060816 20204325
26410796 26543671
29907141 30044024
55297969 55501533
46848752 46975913
74242752 74435387
71830294 71935521
77646576 77778390
45491829 45647663
60035670 60267121
44771419 44988529
38562501 38681102
20784300 20945887
50479212 50667592
62560638 62687332
49959104 50111835
51491553 51618183
24348694 24477447
54040098 54315252
41619994 41740670
24400815 24567985
42441287 42572310
65981596 66147671
52505776 52675178
42431038 42552316
26164373 26403843
50834248 50957217
58451131 58608739
47925182 48054020
35501169 35631955
32139378 32314877
49316065 49496411
44036148 44185687
48399340 48521364
61290990 61436930
28068255 28256467
23101857 23259041
29424705 29585018
37168909 37308501
28560077 28733030
21079115 21260953
28868263 29049348
31876285 32068801
55921862 56055771
73387002 73624911
54360323 54475052
40979217 41104975
65881636 66047301
58361629 58494901
78813191 78946421
101121274 101277843
36224247 36349356
61343347 61505621
54607383 54816795
52830491 52944593
29786397 29930063
29552179 29679874
26598741 26733728
49941953 50119638
33500646 33647358
29262544 29399808
52640351 52789203
62191064 62323781
28857134 29068938
35238537 35388085
61924802 62048083
71922046 72069954
63011187 63127272
34651750 34853408
40622430 40774213
27205965 27368383
34004783 34173269
35846366 35998490
51912782 52035895
72236723 72415063
69528419 69672481
83629737 83760759
84953486 85123562
50628474 50830586
47899912 48036101
34418538 34607144
39781298 39933687
41450226 41597533
53117154 53309321
56525701 56664074
62334761 62466388
29382624 29565344
49108714 49305767
47279023 47401979
52628190 52765041
44554757 44680043
48861150 48995973
60707077 60839511
75597258 75802945
68262098 68465195
112800683 112968127
66704228 66839302
43877467 44096380
77765002 77873611
50991955 51133608
66605474 66771146
67695637 67802037
23568060 23808680
34612636 34825767
84743676 84918506
83135314 83242034
88435623 88556691
31561978 31770358
32337476 32535095
33249578 33451003
59301857 59473232
57928179 58057173
32195973 32434440
21728025 21897773
57097371 57287508
79080312 79306621
66738958 66933553
23590645 23810670
30956348 31119490
78704379 78931940
49759913 49874679
61312165 61488529
50879873 51059713
57454979 57645470
50516616 50741712
71410318 71618845
59898073 60071269
55930298 56135990
53116079 53257808
28764455 28995552
25845936 25983279
23910991 24071397
46731258 46849272
59089654 59247841
38432368 38630072
31319921 31442130
39130620 39356856
49828014 49966891
52074299 52182096
68980943 69110043
77795313 77971649
53135782 53260445
62076871 62273907
65917617 66031134
22258564 22397128
41668356 41826734
36279871 36397751
57356447 57506158
73502673 73697636
64779346 64927439
47421549 47554650
41223610 41355287
88672579 88872782
105092062 105205904
106486373 106597557
33948189 34083256
20509346 20686311
57890430 58047802
65075924 65198283
54224656 54369647
39568808 39701284
28611460 28829950
29525098 29694524
25653323 25796387
67448566 67604975
52762352 52889240
20744588 20889184
55281958 55479477
50029237 50186829
47467285 47650332
39385847 39528241
29233249 29453378
58305987 58492238
48853360 48978356
34057067 34205701
36733147 36855987
30484408 30661880
29547842 29722912
31919564 32085343
40251526 40387578
34949354 35083969
31557165 31744514
28698363 28844559
35900813 36034276
38302282 38438843
22720763 22865528
28050896 28264753
64376607 64520263
66756276 66938254
24936044 25127483
33691705 33915249
34457451 34670780
37711113 37851905
28387151 28509393
28203037 28352808
42655785 42866927
38266601 38398196
22024689 22162624
52047118 52174816
57133455 57256168
42793353 42952945
50325486 50448437
23399014 23527063
35185206 35330761
22825604 22958680
26361634 26518071
48029226 48167074
41927730 42052122
51912061 52109789
45387959 45512808
26616450 26798147
56474047 56620246
57636166 57752489
27089870 27281275
30867286 31137550
26298911 26445178
39919981 40098570
36642541 36785263
32089852 32277467
51621990 51783259
45733768 45887824
50551131 50745207
39578654 39733262
82231198 82359072
94425604 94662015
95684122 95800299
46615716 46742627
55620011 55794430
66691455 66908889
75502796 75651439
71289960 71408097
54619653 54761828
48498717 48631408
34112332 34298856
81465432 81591542
101610251 101785584
66876823 66996651
81394013 81504591
27178469 27358502
90460158 90694635
81274161 81393044
83451035 83577392
97374819 97496794
19366121 19512332
107824303 107983987
117374202 117618397
124306640 124444941
67604342 67759714
153667590 153771432
76218854 76394782
126637038 126772168
135929833 136066527
95707486 95848843
137860633 138001002
23207634 23424863
72390419 72594152
88037436 88159249
108000668 108151651
103928071 104046531
30020311 30178835
25499679 25719950
65362916 65519487
70978420 71149643
82088410 82200848
30796981 30948282
31141164 31361179
42485264 42669836
65241046 65377441
71664231 71823652
75768063 75880899
26060595 26261610
31041904 31222606
75641927 75828970
63998629 64119210
78348271 78462916
26320655 26472477
28715368 28925585
61631507 61776685
70775912 70957404
74775607 74888498
41991952 42171596
38604763 38765027
78313397 78526195
84911228 85051043
124119705 124253653
81573317 81768218
52698713 52840313
40018719 40294393
55343614 55554468
69534775 69736453
59209241 59413737
75866798 76022726
30929419 31115760
38475993 38631159
37255215 37394347
47010651 47135508
53423277 53559797
36964695 37153308
33488678 33685825
31163967 31305142
42588830 42707790
55089126 55244715
31013171 31174984
26041195 26202714
24800197 24944935
25743337 25921455
34361042 34524842
25773809 25927658
30935311 31068745
32002147 32195689
26763519 26929603
56413611 56614180
42146853 42290570
32296297 32438286
29208459 29384753
37257065 37465371
28735192 28911563
29235212 29408824
107716515 107936965
93633051 93747245
124586084 124704411
62839724 62977489
98459915 98595693
24774843 24978547
78329695 78520354
94886335 95037599
75353161 75475859
88751586 88887010
22878610 23052969
51207294 51395581
66297771 66458496
65608063 65751900
51410758 51552360
31914497 32060601
64506088 64687568
57658470 57828541
76044236 76180961
46391997 46516527
25292869 25444252
28501941 28718162
48519638 48672558
61330945 61454893
42808917 42921912
59948953 60153315
25404170 25634828
21473455 21646647
74914669 75075117
82230394 82369636
65165816 65350462
32093566 32301635
84789002 85003510
101432119 101647859
106668077 106785256
101726521 101844160
36544377 36712411
30322073 30539734
75974949 76126491
78886355 79021348
70066433 70189233
74516198 74700592
25258126 25462433
88751003 88906880
109754308 109950541
103986756 104088472
106341188 106505705
30937371 31162002
25038369 25261415
37569653 37739837
51013622 51211776
74159981 74293402
52219684 52391973
44618019 44842137
85233605 85424639
91595301 91799035
64413055 64567515
37383135 37614973
26997531 27231945
86499109 86737063
82797580 82936863
83201164 83330757
106196409 106389144
22625028 22842797
46813997 47036624
45640878 45765223
53445732 53652715
90161383 90323421
112883915 113017732
102670449 102863094
110549839 110668508
30086725 30324456
68451887 68611871
81402174 81519235
57719309 57882868
56720579 56848203
31386775 31583046
32249224 32435401
62328902 62454823
64630443 64745421
59513386 59625748
28728465 28888165
26945535 27148586
62368430 62516244
83529726 83686597
92924762 93046546
36104856 36251849
30718594 30918322
82987852 83178335
109288134 109414546
84753429 84943101
89606593 89707664
28310355 28460215
72024632 72153195
76936342 77172158
58473958 58612170
39643238 39807763
46353368 46488570
25154907 25353096
31845761 32011078
65491839 65649506
65712581 65857648
59889223 60002306
28137701 28302980
27397861 27566961
18719689 18847326
32276410 32440096
20336323 20498550
36930359 37094483
52812643 52971898
57543359 57681521
54134535 54273236
40196421 40306736
34710953 34850288
43288467 43439435
39768142 39885422
36163525 36302019
48136757 48253807
22407124 22637610
31678349 31838801
34733700 34869745
20399478 20555659
49485292 49618422
40322056 40445973
47580211 47737284
40011445 40144510
30596969 30770688
38457883 38615187
53100035 53288317
29441761 29597948
24916978 25083707
27558534 27748004
28838801 29052814
79105007 79266726
58121813 58251382
51521980 51692947
35358250 35581927
88036508 88244508
82692063 82820519
70249358 70378995
33162690 33359509
30917033 31082731
74985296 75123723
83313222 83499089
90813143 90984576
71921894 72080604
38197860 38378675
110382656 110543356
136168162 136347834
130669714 130819018
103820012 103996485
88209171 88386471
114961523 115197884
107677669 107788414
125541117 125640229
102476506 102593709
117533367 117686894
113516346 113656382
137680126 137886253
132103897 132237504
95314985 95472441
136572661 136718933
23595921 23796346
51395854 51551391
76221072 76375156
81341346 81448365
91378829 91499576
22964263 23159212
32040343 32253328
103167183 103380675
94782862 94902354
112129851 112243806
149254107 149360946
62167728 62332506
125854821 126068822
128509224 128612269
92419631 92564845
126440166 126570157
93965869 94086822
66656688 66849111
139220330 139579571
150807969 150923531
166760678 166889276
139756809 139894414
38053911 38239561
37067718 37190201
52770471 52931725
49719751 49850841
57908137 58020664
29637377 29839852
46207013 46394506
39686675 39802530
38507971 38647708
31038463 31173754
31084101 31260644
27603659 27797051
44548853 44697748
45813939 45969448
22106420 22267206
33326017 33555180
32872796 33086945
26146910 26274602
27567654 27758118
28167432 28353271
35017645 35160524
31225567 31353915
32575875 32748949
29932980 30069281
27092996 27283304
42451587 42645628
33501606 33665428
22726492 22855996
27270109 27436069
17955419 18078811
20460152 20637215
31922084 32086680
20216913 20354068
42253527 42446273
28138973 28273362
20845967 21041919
25523282 25691756
27903072 28039983
33586307 33788507
33781824 33909658
21954107 22071845
21868924 22040052
35094386 35247399
47631679 47862666
115758066 115932324
110032947 110180276
133809479 133984214
85911595 86063111
60567964 60758005
173996614 174137961
195952329 196087663
260964213 261199503
187961236 188158116
47668864 47875452
53416380 53623289
63751752 64092813
47679855 47810421
43138997 43298733
43502780 43640732
28993606 29143089
52616092 52734316
63661057 63858203
29158797 29278064
19902779 20100577
26349885 26500549
54804762 54969392
80228696 80340442
60432662 60558446
40963321 41093213
27882023 28028271
32250607 32457173
27313723 27448151
55354156 55494611
50972226 51097885
27962567 28099474
49915732 50122500
47606451 47749763
46818717 46966228
54368588 54525901
42850235 42970529
28765530 28960265
30338141 30490127
53447594 53646293
46986415 47126920
84518984 84666057
26444374 26577495
25815499 25957149
35649156 35802373
47657917 47812580
33591236 33706597
27652536 27794353
24970219 25103053
23415763 23594217
76612984 76736542
87315972 87448943
74217815 74343058
73946819 74066105
26607290 26765105
54722282 54942678
88382217 88542609
96162332 96271029
88412134 88526550
62273324 62393447
45753791 45953875
85055928 85179101
108840727 108985245
87036328 87176229
94734983 94840134
22790066 22984572
66597917 66816825
78500161 78626989
71426407 71556355
59086477 59194686
35713217 35899036
86311983 86486982
99981000 100088314
70471812 70567978
73356147 73504296
27631174 27772809
75463481 75582340
108391850 108550662
123724585 123925430
121136705 121245855
58140258 58285794
115456484 115714408
92040670 92155578
123898859 124011409
114353014 114458120
126010151 126125624
45154567 45270430
77927880 78122807
62722186 62820485
59926179 60030615
82591563 82738477
51027769 51205006
115710057 115871358
70466165 70580114
100260165 100399373
100682149 100833736
18982687 19184414
27814853 27967210
60788885 60915292
77167050 77291429
81626325 81781552
27577286 27739104
24675115 24871742
62038824 62151564
69027063 69195018
79731718 79857193
27060995 27195907
28397009 28550660
78255088 78448361
82581739 82692932
52950893 53085292
99278428 99384833
23850607 24037313
51608713 51782535
62781213 62899877
27396026 27587473
35734990 35923904
62449520 62592211
49309038 49443207
45360010 45478278
27245757 27422860
30852721 31064955
89925834 90077840
113460600 113619308
95576255 95706345
136196705 136322904
24176891 24369893
30020896 30221287
